Parametry algorytmu:
liczba osobników: 100, liczba generacji: 5000
Najlepszy osobnik po 5000 generacjach: 7638
Kolejność miast dla najlepszego osobnika: [111, 110, 66, 68, 67, 65, 63, 83, 109, 89, 90, 80, 79, 107, 108, 101, 105, 170, 171, 164, 163, 186, 187, 184, 192, 194, 200, 138, 147, 146, 142, 199, 144, 148, 175, 172, 157, 176, 177, 150, 158, 160, 161, 169, 166, 165, 167, 99, 100, 92, 91, 96, 97, 93, 94, 75, 78, 88, 103, 168, 98, 95, 76, 82, 81, 102, 104, 106, 173, 162, 185, 188, 189, 193, 191, 190, 196, 195, 220, 215, 214, 227, 225, 222, 218, 217, 221, 224, 233, 226, 223, 232, 235, 234, 228, 231, 247, 277, 278, 242, 276, 5, 2, 279, 1, 241, 240, 245, 244, 239, 243, 229, 250, 238, 236, 237, 230, 249, 246, 248, 255, 254, 208, 205, 206, 212, 210, 209, 216, 211, 213, 219, 203, 143, 141, 197, 198, 204, 202, 201, 145, 152, 119, 120, 151, 156, 155, 149, 178, 179, 181, 182, 180, 183, 174, 159, 118, 153, 32, 29, 30, 26, 25, 24, 22, 132, 269, 264, 263, 139, 140, 137, 265, 266, 135, 268, 267, 136, 262, 207, 252, 251, 253, 257, 256, 260, 261, 258, 259, 274, 8, 273, 6, 4, 0, 3, 275, 272, 14, 23, 12, 9, 7, 10, 11, 13, 16, 133, 15, 270, 271, 130, 131, 17, 19, 18, 129, 126, 27, 28, 20, 21, 127, 128, 123, 125, 154, 134, 121, 122, 124, 31, 33, 34, 41, 46, 53, 45, 52, 51, 50, 43, 59, 42, 60, 114, 116, 117, 64, 62, 58, 61, 57, 56, 55, 44, 40, 39, 38, 48, 49, 47, 37, 35, 36, 54, 69, 70, 71, 74, 73, 77, 72, 85, 112, 113, 115, 84, 86, 87]

Parametry algorytmu:
liczba osobników: 100, liczba generacji: 10000
Najlepszy osobnik po 10000 generacjach: 6839
Kolejność miast dla najlepszego osobnika: [123, 154, 20, 26, 27, 128, 153, 121, 120, 158, 159, 176, 175, 177, 155, 152, 151, 149, 142, 203, 201, 143, 141, 145, 179, 180, 181, 174, 173, 162, 160, 161, 182, 183, 186, 184, 190, 189, 165, 166, 167, 170, 171, 164, 163, 188, 187, 185, 198, 199, 195, 200, 197, 193, 194, 196, 192, 191, 144, 140, 204, 212, 211, 209, 206, 205, 252, 207, 208, 250, 254, 253, 251, 229, 210, 227, 228, 223, 225, 224, 218, 222, 221, 219, 216, 220, 202, 215, 217, 214, 213, 226, 233, 234, 230, 232, 236, 235, 238, 239, 231, 237, 245, 240, 244, 243, 242, 241, 2, 276, 8, 5, 6, 7, 10, 9, 11, 13, 12, 14, 15, 16, 270, 259, 261, 256, 255, 248, 247, 246, 249, 279, 1, 0, 4, 278, 277, 3, 275, 274, 271, 272, 273, 260, 258, 257, 264, 139, 265, 266, 136, 135, 130, 18, 24, 23, 22, 21, 25, 17, 19, 127, 129, 134, 132, 131, 133, 262, 267, 268, 269, 263, 137, 138, 147, 146, 148, 178, 157, 150, 156, 118, 119, 116, 115, 114, 113, 112, 87, 110, 106, 172, 105, 168, 169, 99, 98, 100, 101, 102, 104, 103, 109, 89, 90, 88, 108, 107, 79, 92, 91, 93, 97, 96, 95, 94, 77, 78, 80, 81, 111, 83, 82, 75, 70, 72, 71, 74, 76, 73, 65, 64, 84, 86, 85, 62, 63, 58, 41, 40, 39, 46, 42, 59, 60, 117, 61, 43, 56, 67, 66, 68, 69, 57, 44, 45, 55, 54, 47, 51, 52, 48, 53, 50, 49, 36, 37, 35, 33, 32, 34, 38, 31, 28, 125, 29, 30, 124, 126, 122]

Parametry algorytmu:
liczba osobników: 300, liczba generacji: 10000
Najlepszy osobnik po 10000 generacjach: 5487
Kolejność miast dla najlepszego osobnika: [19, 17, 18, 16, 132, 131, 130, 129, 128, 153, 154, 121, 122, 123, 41, 42, 59, 58, 43, 44, 45, 46, 40, 39, 38, 37, 48, 49, 50, 51, 52, 47, 53, 54, 55, 56, 57, 67, 68, 66, 69, 70, 71, 72, 75, 77, 76, 74, 73, 82, 81, 87, 83, 86, 112, 111, 108, 88, 90, 89, 103, 102, 101, 100, 91, 79, 80, 78, 93, 94, 95, 96, 97, 92, 98, 99, 167, 166, 168, 169, 172, 173, 158, 159, 157, 150, 176, 151, 155, 152, 120, 119, 118, 156, 116, 114, 115, 85, 84, 65, 64, 63, 62, 61, 60, 117, 113, 109, 110, 107, 104, 106, 105, 170, 171, 165, 164, 187, 188, 189, 185, 186, 184, 183, 160, 174, 161, 162, 163, 182, 181, 180, 175, 179, 178, 177, 149, 138, 148, 146, 145, 144, 143, 198, 192, 190, 191, 193, 195, 194, 196, 197, 200, 201, 199, 202, 203, 211, 210, 209, 206, 207, 252, 253, 255, 258, 259, 260, 262, 261, 257, 256, 248, 246, 243, 242, 1, 241, 240, 239, 244, 245, 238, 237, 230, 231, 236, 235, 234, 233, 232, 227, 226, 225, 224, 223, 222, 221, 220, 219, 216, 218, 217, 214, 215, 212, 213, 228, 229, 250, 249, 254, 251, 208, 205, 204, 142, 141, 147, 140, 139, 137, 136, 266, 265, 264, 263, 267, 135, 134, 133, 268, 269, 15, 270, 271, 272, 273, 274, 275, 276, 278, 277, 247, 2, 279, 0, 3, 4, 5, 8, 6, 7, 9, 10, 11, 12, 13, 14, 23, 22, 24, 21, 25, 26, 27, 28, 30, 31, 32, 36, 35, 34, 33, 29, 124, 125, 126, 127, 20]

Parametry algorytmu:
liczba osobników: 200, liczba generacji: 5000, p-stwo krzyżowania: 0.95, p-stwo mutacji: 0.05
Najlepszy osobnik po 5000 generacjach: 7604
Kolejność miast dla najlepszego osobnika: [247, 240, 243, 239, 245, 237, 230, 236, 235, 234, 233, 232, 231, 226, 224, 223, 225, 227, 228, 210, 206, 208, 252, 254, 251, 207, 209, 229, 246, 244, 238, 241, 278, 277, 275, 5, 276, 2, 242, 1, 279, 3, 0, 4, 8, 6, 7, 9, 11, 10, 272, 273, 274, 259, 260, 256, 258, 270, 271, 15, 12, 14, 13, 23, 24, 22, 17, 20, 126, 125, 123, 29, 124, 34, 121, 118, 153, 154, 122, 152, 155, 151, 117, 116, 61, 58, 43, 44, 56, 57, 63, 64, 62, 115, 112, 111, 87, 80, 85, 83, 86, 82, 81, 88, 106, 173, 172, 105, 169, 165, 170, 171, 162, 161, 187, 183, 163, 164, 188, 189, 190, 192, 197, 200, 202, 203, 204, 211, 212, 213, 215, 216, 219, 214, 217, 222, 220, 221, 218, 195, 196, 193, 191, 194, 185, 186, 184, 182, 180, 181, 179, 178, 177, 176, 144, 201, 199, 198, 143, 142, 141, 145, 146, 140, 147, 265, 136, 137, 139, 148, 149, 131, 16, 26, 25, 21, 27, 28, 30, 31, 32, 33, 40, 41, 60, 59, 42, 39, 38, 37, 35, 36, 49, 48, 47, 50, 52, 51, 46, 45, 53, 54, 55, 67, 66, 68, 65, 84, 75, 73, 72, 69, 70, 71, 74, 76, 79, 78, 94, 93, 95, 96, 97, 92, 77, 89, 91, 98, 90, 101, 168, 167, 166, 99, 100, 102, 103, 104, 107, 109, 108, 110, 114, 113, 158, 159, 156, 119, 120, 160, 174, 157, 175, 150, 266, 264, 138, 268, 269, 130, 19, 128, 127, 129, 18, 132, 133, 134, 267, 135, 263, 205, 262, 261, 253, 257, 255, 250, 249, 248]

Parametry algorytmu:
liczba osobników: 300, liczba generacji: 500, p-stwo krzyżowania: 0.8, p-stwo mutacji: 0.01
Najlepszy osobnik po 500 generacjach: 14863
Kolejność miast dla najlepszego osobnika: [48, 35, 32, 39, 51, 34, 157, 87, 76, 81, 167, 169, 165, 135, 265, 180, 184, 148, 176, 147, 267, 15, 257, 255, 259, 273, 13, 277, 16, 261, 207, 245, 250, 262, 152, 155, 264, 279, 5, 3, 274, 20, 122, 133, 158, 181, 145, 214, 219, 142, 202, 227, 225, 233, 196, 159, 174, 175, 195, 178, 120, 97, 72, 82, 85, 106, 113, 56, 54, 52, 53, 38, 36, 49, 50, 42, 33, 37, 121, 18, 258, 205, 206, 210, 222, 216, 229, 208, 209, 253, 204, 244, 254, 141, 137, 138, 19, 131, 276, 9, 25, 8, 124, 128, 26, 126, 125, 68, 67, 66, 62, 98, 93, 104, 102, 168, 166, 99, 187, 103, 83, 114, 118, 268, 269, 275, 235, 231, 230, 238, 0, 237, 211, 203, 201, 194, 144, 215, 1, 2, 242, 278, 256, 190, 156, 59, 45, 177, 150, 107, 193, 197, 140, 239, 226, 224, 217, 223, 218, 132, 151, 136, 127, 29, 61, 115, 75, 57, 60, 58, 65, 69, 64, 73, 96, 79, 43, 55, 74, 91, 100, 179, 130, 12, 7, 6, 246, 252, 143, 149, 17, 10, 260, 22, 11, 248, 272, 271, 263, 270, 134, 129, 251, 266, 139, 228, 247, 241, 232, 249, 243, 4, 240, 234, 236, 220, 199, 189, 164, 183, 192, 198, 146, 212, 221, 213, 188, 191, 200, 186, 161, 101, 86, 117, 112, 111, 171, 185, 173, 160, 182, 119, 154, 30, 153, 44, 70, 78, 80, 89, 94, 90, 108, 88, 105, 109, 172, 162, 92, 163, 170, 84, 63, 71, 95, 116, 31, 27, 24, 23, 28, 40, 41, 46, 77, 110, 123, 14, 21, 47]

Parametry algorytmu:
liczba osobników: 800, liczba generacji: 2000, p-stwo krzyżowania: 0.9, p-stwo mutacji: 0.05
Najlepszy osobnik po 2000 generacjach: 6037
Kolejność miast dla najlepszego osobnika: [154, 153, 128, 127, 129, 20, 126, 125, 124, 29, 28, 31, 27, 26, 25, 21, 17, 16, 268, 133, 15, 269, 132, 131, 130, 18, 19, 24, 22, 23, 13, 12, 14, 270, 271, 272, 273, 8, 11, 10, 9, 4, 3, 276, 5, 7, 6, 275, 274, 259, 258, 260, 261, 262, 263, 205, 206, 211, 212, 213, 210, 209, 254, 248, 247, 278, 2, 0, 279, 1, 277, 253, 252, 251, 208, 207, 204, 256, 257, 255, 249, 246, 243, 240, 242, 241, 239, 238, 244, 245, 230, 237, 235, 236, 232, 231, 229, 250, 228, 227, 226, 225, 233, 234, 223, 224, 214, 217, 218, 222, 220, 221, 219, 216, 215, 202, 203, 201, 197, 200, 196, 190, 189, 188, 187, 186, 184, 185, 192, 193, 191, 194, 195, 198, 144, 143, 199, 142, 145, 146, 141, 140, 139, 265, 264, 266, 135, 134, 267, 136, 137, 148, 138, 147, 149, 177, 150, 176, 157, 158, 180, 179, 178, 175, 159, 174, 106, 173, 160, 181, 182, 183, 161, 164, 163, 162, 165, 167, 166, 171, 170, 169, 172, 105, 104, 102, 103, 107, 108, 89, 90, 91, 97, 99, 98, 100, 168, 101, 92, 93, 96, 95, 74, 76, 77, 94, 79, 80, 81, 78, 75, 73, 72, 71, 70, 69, 68, 66, 67, 56, 57, 65, 63, 64, 85, 115, 113, 110, 109, 88, 87, 111, 112, 82, 83, 84, 86, 114, 116, 59, 44, 43, 58, 62, 61, 60, 117, 121, 122, 123, 39, 45, 54, 55, 53, 52, 46, 48, 49, 50, 51, 47, 38, 36, 35, 37, 34, 40, 41, 42, 30, 32, 33, 120, 155, 151, 156, 118, 119, 152]

Parametry algorytmu:
liczba osobników: 1000, liczba generacji: 3000, p-stwo krzyżowania: 0.95, p-stwo mutacji: 0.03
Najlepszy osobnik po 3000 generacjach: 5830
Kolejność miast dla najlepszego osobnika: [110, 104, 169, 170, 171, 168, 103, 107, 108, 88, 87, 82, 83, 86, 84, 85, 64, 65, 66, 63, 67, 68, 69, 70, 71, 72, 73, 74, 75, 76, 77, 78, 79, 80, 81, 89, 90, 92, 93, 95, 96, 94, 97, 91, 102, 101, 98, 100, 99, 167, 166, 165, 159, 158, 157, 156, 118, 119, 120, 121, 152, 154, 153, 122, 123, 124, 29, 35, 36, 49, 50, 51, 52, 53, 54, 55, 56, 57, 62, 59, 60, 117, 116, 61, 58, 43, 44, 45, 46, 48, 47, 40, 41, 42, 39, 38, 37, 33, 34, 32, 28, 30, 31, 27, 26, 25, 21, 127, 125, 126, 128, 129, 130, 17, 16, 132, 131, 18, 19, 20, 24, 22, 12, 11, 10, 9, 14, 23, 13, 15, 270, 260, 259, 276, 3, 4, 5, 275, 6, 7, 8, 274, 273, 272, 271, 261, 257, 258, 256, 253, 254, 255, 249, 250, 248, 251, 252, 207, 208, 209, 206, 215, 216, 214, 225, 224, 223, 222, 221, 220, 219, 218, 217, 226, 231, 232, 233, 234, 235, 236, 237, 230, 245, 238, 239, 244, 243, 240, 242, 241, 1, 0, 279, 2, 278, 277, 247, 246, 228, 227, 229, 210, 213, 212, 211, 203, 142, 143, 198, 144, 199, 200, 197, 196, 193, 194, 195, 201, 202, 204, 205, 262, 263, 264, 268, 269, 133, 135, 134, 267, 266, 265, 139, 138, 147, 140, 141, 145, 146, 148, 137, 136, 149, 150, 177, 151, 155, 176, 180, 178, 179, 175, 181, 182, 192, 191, 190, 189, 188, 187, 185, 183, 184, 186, 163, 162, 174, 160, 161, 164, 172, 105, 106, 173, 114, 115, 113, 112, 109, 111]

Parametry algorytmu:
liczba osobników: 1000, liczba generacji: 3000, p-stwo krzyżowania: 0.95, p-stwo mutacji: 0.02
Najlepszy osobnik po 3000 generacjach: 6288
Kolejność miast dla najlepszego osobnika: [214, 212, 204, 205, 206, 209, 210, 211, 253, 252, 207, 254, 255, 256, 262, 266, 263, 268, 267, 135, 152, 149, 141, 138, 139, 140, 147, 148, 146, 145, 144, 198, 178, 175, 180, 181, 179, 151, 155, 154, 153, 129, 128, 20, 127, 29, 124, 125, 126, 121, 122, 123, 59, 116, 117, 60, 119, 118, 120, 156, 174, 182, 183, 184, 161, 166, 167, 165, 188, 187, 164, 163, 162, 160, 173, 158, 157, 176, 177, 150, 159, 172, 105, 106, 107, 108, 109, 111, 86, 83, 82, 81, 75, 74, 76, 77, 94, 95, 96, 93, 78, 79, 80, 90, 91, 101, 168, 98, 92, 97, 99, 100, 169, 170, 171, 102, 104, 103, 89, 88, 87, 110, 112, 114, 113, 115, 85, 63, 64, 65, 84, 73, 72, 71, 69, 70, 66, 68, 67, 57, 58, 62, 61, 42, 41, 40, 47, 46, 44, 54, 55, 56, 43, 45, 53, 52, 51, 50, 49, 48, 37, 38, 39, 34, 33, 36, 35, 32, 31, 30, 28, 27, 26, 25, 21, 24, 15, 22, 23, 13, 12, 14, 11, 10, 9, 7, 6, 8, 274, 5, 275, 276, 278, 2, 279, 0, 4, 3, 1, 241, 239, 238, 244, 230, 245, 231, 237, 236, 234, 232, 235, 233, 224, 225, 223, 222, 221, 220, 200, 195, 193, 192, 185, 186, 189, 190, 191, 194, 196, 197, 199, 143, 201, 202, 203, 142, 264, 265, 137, 136, 132, 16, 18, 131, 130, 19, 17, 133, 134, 269, 270, 271, 272, 273, 261, 277, 251, 249, 248, 257, 258, 260, 259, 247, 242, 240, 243, 246, 250, 229, 228, 208, 227, 226, 213, 215, 216, 218, 219, 217]

Parametry algorytmu:
liczba osobników: 1200, liczba generacji: 3000, p-stwo krzyżowania: 0.95, p-stwo mutacji: 0.08
Najlepszy osobnik po 3000 generacjach: 5394
Kolejność miast dla najlepszego osobnika: [228, 227, 226, 224, 223, 225, 232, 233, 234, 235, 231, 236, 237, 238, 245, 230, 250, 249, 248, 247, 246, 244, 239, 240, 243, 242, 241, 1, 0, 279, 2, 4, 5, 6, 7, 8, 9, 10, 272, 271, 270, 15, 14, 11, 12, 13, 22, 24, 23, 16, 17, 132, 18, 131, 130, 19, 20, 129, 128, 127, 21, 25, 26, 27, 28, 126, 125, 123, 122, 121, 120, 119, 118, 153, 154, 152, 155, 124, 29, 30, 31, 32, 33, 34, 40, 39, 38, 37, 35, 36, 49, 50, 51, 48, 47, 52, 53, 46, 45, 54, 55, 44, 41, 42, 59, 43, 58, 60, 117, 116, 61, 62, 63, 64, 85, 86, 112, 113, 115, 114, 157, 156, 151, 150, 177, 176, 179, 181, 180, 175, 158, 159, 174, 173, 106, 110, 111, 109, 107, 103, 104, 105, 172, 171, 170, 169, 101, 102, 90, 89, 108, 88, 79, 78, 80, 81, 87, 82, 83, 84, 65, 66, 57, 56, 67, 68, 69, 70, 71, 72, 73, 74, 75, 76, 77, 94, 95, 96, 93, 97, 92, 91, 98, 99, 100, 168, 167, 166, 165, 164, 163, 162, 161, 160, 182, 183, 184, 186, 185, 187, 188, 189, 190, 191, 192, 193, 194, 196, 197, 195, 200, 198, 199, 201, 202, 216, 219, 220, 221, 222, 218, 217, 214, 213, 212, 215, 203, 204, 205, 207, 252, 253, 264, 265, 137, 139, 140, 141, 138, 148, 147, 146, 142, 143, 144, 145, 178, 149, 136, 135, 134, 133, 269, 268, 267, 266, 263, 262, 261, 260, 273, 274, 275, 276, 3, 278, 277, 259, 258, 257, 256, 255, 254, 251, 208, 209, 206, 211, 210, 229]

Parametry algorytmu:
liczba osobników: 1500, liczba generacji: 3000, p-stwo krzyżowania: 0.85, p-stwo mutacji: 0.05
Najlepszy osobnik po 3000 generacjach: 5236
Kolejność miast dla najlepszego osobnika: [244, 246, 240, 239, 238, 237, 245, 230, 236, 231, 232, 235, 234, 233, 227, 226, 225, 224, 213, 210, 209, 206, 211, 212, 215, 214, 216, 219, 217, 223, 222, 218, 221, 220, 201, 199, 143, 202, 203, 204, 205, 207, 252, 253, 256, 257, 255, 254, 251, 208, 228, 229, 250, 249, 248, 247, 277, 278, 276, 275, 274, 273, 272, 270, 15, 268, 269, 133, 132, 131, 130, 129, 20, 19, 18, 17, 16, 23, 22, 24, 21, 25, 26, 27, 31, 32, 30, 28, 125, 123, 122, 121, 120, 119, 118, 156, 157, 159, 158, 172, 169, 171, 170, 167, 166, 165, 164, 163, 162, 161, 160, 174, 173, 106, 105, 104, 103, 102, 101, 168, 100, 99, 98, 97, 92, 96, 95, 93, 94, 77, 76, 74, 73, 75, 78, 80, 79, 91, 90, 89, 108, 107, 109, 110, 111, 113, 114, 112, 86, 87, 88, 81, 82, 83, 72, 71, 70, 69, 66, 68, 67, 56, 55, 43, 58, 57, 63, 65, 64, 84, 85, 115, 116, 117, 61, 62, 60, 59, 42, 41, 40, 39, 38, 46, 45, 44, 54, 53, 52, 47, 48, 51, 50, 49, 36, 37, 35, 34, 33, 29, 124, 126, 127, 128, 153, 154, 152, 155, 151, 150, 176, 177, 149, 148, 147, 178, 179, 175, 180, 181, 182, 183, 184, 185, 186, 187, 188, 189, 190, 191, 192, 196, 193, 194, 195, 200, 197, 198, 144, 142, 145, 146, 141, 140, 138, 139, 265, 137, 136, 135, 134, 267, 266, 264, 263, 262, 261, 260, 258, 259, 271, 14, 13, 12, 11, 10, 9, 7, 8, 6, 5, 4, 3, 2, 0, 1, 279, 241, 242, 243]

Parametry algorytmu:
liczba osobników: 1500, liczba generacji: 2000, p-stwo krzyżowania: 0.85, p-stwo mutacji: 0.05
Najlepszy osobnik po 2000 generacjach: 5626
Kolejność miast dla najlepszego osobnika: [82, 83, 72, 73, 74, 76, 77, 75, 78, 79, 90, 104, 109, 107, 103, 102, 101, 168, 100, 91, 92, 93, 94, 95, 96, 97, 98, 99, 167, 166, 165, 164, 163, 184, 186, 185, 187, 188, 189, 190, 191, 192, 194, 193, 196, 200, 195, 197, 198, 199, 201, 143, 144, 145, 142, 202, 203, 219, 220, 221, 218, 222, 223, 224, 225, 233, 232, 227, 228, 231, 236, 235, 234, 226, 212, 215, 216, 217, 214, 213, 211, 204, 205, 206, 210, 209, 229, 250, 244, 245, 230, 237, 238, 239, 240, 242, 243, 246, 249, 248, 247, 277, 278, 241, 1, 0, 279, 2, 3, 276, 275, 4, 5, 6, 7, 8, 274, 273, 260, 261, 262, 259, 258, 257, 255, 256, 253, 254, 252, 251, 208, 207, 263, 264, 265, 266, 136, 267, 135, 134, 268, 269, 133, 132, 131, 18, 17, 16, 15, 270, 271, 272, 9, 10, 14, 11, 12, 13, 23, 22, 25, 21, 24, 19, 20, 128, 130, 129, 127, 126, 125, 26, 27, 28, 124, 29, 30, 31, 32, 35, 34, 33, 120, 118, 155, 151, 150, 176, 175, 180, 158, 157, 156, 119, 121, 123, 122, 153, 154, 152, 137, 139, 140, 146, 141, 147, 138, 148, 149, 177, 178, 182, 179, 181, 183, 160, 159, 174, 161, 162, 173, 170, 171, 169, 172, 105, 106, 110, 111, 112, 113, 114, 116, 117, 115, 85, 61, 60, 59, 42, 41, 39, 40, 44, 45, 46, 53, 52, 51, 50, 49, 48, 36, 37, 38, 47, 54, 55, 56, 43, 58, 57, 62, 63, 67, 68, 66, 69, 70, 71, 65, 64, 84, 86, 87, 88, 80, 108, 89, 81]

Parametry algorytmu:
liczba osobników: 1500, liczba generacji: 2000, p-stwo krzyżowania: 0.8, p-stwo mutacji: 0.07
Najlepszy osobnik po 2000 generacjach: 5448
Kolejność miast dla najlepszego osobnika: [12, 13, 14, 270, 271, 272, 261, 262, 263, 264, 265, 139, 137, 138, 147, 148, 149, 134, 135, 136, 266, 267, 268, 269, 133, 15, 132, 131, 130, 154, 121, 122, 153, 129, 20, 19, 18, 17, 16, 23, 22, 24, 21, 25, 26, 27, 127, 128, 126, 125, 123, 124, 29, 28, 30, 31, 32, 35, 33, 34, 39, 40, 38, 37, 36, 48, 49, 50, 51, 52, 47, 53, 46, 45, 44, 54, 55, 56, 57, 67, 68, 69, 66, 65, 64, 63, 85, 62, 61, 59, 42, 41, 43, 58, 60, 117, 116, 115, 114, 113, 110, 109, 111, 112, 87, 81, 82, 86, 84, 83, 70, 71, 72, 73, 74, 75, 76, 77, 78, 94, 95, 96, 97, 92, 93, 79, 80, 88, 89, 90, 91, 98, 100, 99, 167, 166, 165, 171, 170, 169, 104, 168, 101, 102, 103, 108, 107, 106, 105, 172, 162, 161, 160, 173, 174, 159, 158, 157, 156, 118, 119, 120, 152, 155, 151, 177, 150, 176, 175, 178, 179, 180, 182, 181, 183, 184, 163, 164, 187, 186, 185, 188, 189, 190, 191, 192, 193, 194, 195, 196, 197, 200, 198, 199, 201, 202, 143, 144, 145, 146, 142, 141, 140, 203, 204, 205, 212, 215, 217, 218, 216, 219, 220, 221, 222, 223, 224, 214, 213, 210, 211, 206, 209, 227, 228, 231, 232, 226, 225, 233, 234, 235, 236, 237, 238, 245, 230, 229, 250, 249, 244, 239, 240, 241, 1, 0, 4, 5, 6, 9, 7, 8, 274, 275, 276, 3, 278, 277, 247, 2, 279, 242, 243, 246, 248, 251, 208, 207, 252, 253, 254, 255, 256, 257, 258, 259, 260, 273, 10, 11]

Parametry algorytmu:
liczba osobników: 2000, liczba generacji: 3500, p-stwo krzyżowania: 0.75, p-stwo mutacji: 0.02

Parametry algorytmu:
liczba osobników: 800, liczba generacji: 6000, p-stwo krzyżowania: 0.9, p-stwo mutacji: 0.05
Najlepszy osobnik po 6000 generacjach: 5312
Kolejność miast dla najlepszego osobnika: [103, 107, 109, 87, 111, 110, 113, 112, 115, 114, 116, 117, 61, 62, 60, 59, 119, 120, 121, 122, 123, 124, 125, 128, 129, 130, 131, 18, 19, 20, 127, 126, 153, 154, 152, 155, 151, 177, 150, 118, 156, 157, 158, 159, 181, 180, 175, 176, 179, 178, 149, 148, 147, 146, 145, 142, 141, 140, 139, 138, 137, 136, 265, 264, 263, 252, 208, 209, 206, 207, 205, 204, 203, 202, 201, 195, 194, 193, 191, 190, 189, 188, 187, 186, 184, 185, 192, 196, 197, 200, 198, 144, 143, 199, 215, 214, 212, 210, 211, 213, 226, 225, 217, 216, 218, 219, 220, 221, 222, 223, 224, 234, 233, 235, 232, 231, 227, 228, 229, 250, 249, 248, 251, 253, 254, 255, 256, 257, 258, 259, 260, 261, 262, 266, 267, 135, 134, 268, 269, 133, 17, 132, 16, 15, 270, 271, 272, 273, 274, 275, 276, 3, 278, 277, 247, 246, 244, 245, 230, 236, 237, 238, 239, 240, 243, 242, 241, 1, 0, 279, 2, 4, 5, 6, 7, 8, 9, 10, 14, 12, 11, 13, 23, 22, 24, 21, 25, 26, 27, 28, 29, 30, 31, 32, 33, 34, 35, 36, 49, 50, 51, 48, 52, 47, 37, 38, 39, 40, 41, 42, 44, 54, 53, 46, 45, 55, 56, 43, 58, 57, 63, 67, 68, 69, 70, 71, 72, 66, 65, 64, 85, 84, 83, 86, 82, 81, 80, 88, 108, 89, 79, 78, 75, 73, 74, 76, 77, 94, 93, 95, 96, 97, 92, 98, 100, 99, 167, 166, 170, 171, 165, 164, 163, 162, 183, 182, 161, 160, 174, 173, 172, 169, 168, 101, 91, 90, 102, 105, 106, 104]

Parametry algorytmu:
liczba osobników: 1000, liczba generacji: 10000, p-stwo krzyżowania: 0.95, p-stwo mutacji: 0.06

Parametry algorytmu:
liczba osobników: 500, liczba generacji: 5000, p-stwo krzyżowania: 0.8, p-stwo mutacji: 0.02
Najlepszy osobnik po 5000 generacjach: 6309
Kolejność miast dla najlepszego osobnika: [259, 260, 274, 275, 276, 5, 8, 6, 9, 7, 10, 11, 12, 13, 23, 22, 17, 16, 15, 270, 14, 24, 25, 21, 18, 132, 133, 19, 131, 130, 129, 153, 154, 122, 125, 126, 128, 28, 27, 26, 20, 127, 123, 41, 59, 42, 60, 61, 57, 43, 58, 62, 63, 64, 66, 68, 70, 67, 69, 65, 71, 72, 73, 74, 75, 76, 78, 89, 88, 81, 82, 83, 87, 86, 115, 116, 114, 113, 112, 110, 111, 84, 85, 117, 40, 39, 44, 56, 55, 45, 54, 53, 46, 47, 48, 37, 35, 36, 49, 50, 52, 51, 38, 34, 33, 32, 31, 30, 124, 29, 121, 119, 120, 118, 152, 155, 151, 156, 157, 158, 173, 174, 160, 161, 162, 163, 184, 183, 182, 192, 191, 190, 189, 188, 187, 171, 172, 105, 169, 167, 99, 98, 168, 101, 100, 97, 92, 96, 95, 94, 93, 77, 79, 80, 107, 103, 102, 90, 91, 108, 109, 106, 104, 170, 166, 165, 164, 186, 185, 181, 159, 175, 177, 176, 150, 180, 179, 178, 149, 198, 144, 197, 196, 200, 143, 147, 140, 141, 142, 145, 146, 199, 201, 195, 193, 194, 202, 204, 203, 205, 206, 213, 226, 225, 224, 223, 222, 214, 215, 217, 218, 221, 220, 219, 216, 212, 211, 209, 210, 208, 251, 207, 261, 257, 256, 255, 252, 262, 268, 267, 136, 148, 138, 137, 139, 265, 266, 135, 134, 269, 271, 272, 273, 277, 278, 3, 4, 279, 0, 2, 1, 241, 243, 242, 246, 247, 248, 229, 231, 227, 232, 234, 235, 236, 230, 237, 238, 239, 240, 245, 244, 249, 250, 233, 228, 254, 253, 264, 263, 258]

Parametry algorytmu:
liczba osobników: 1000, liczba generacji: 3000, p-stwo krzyżowania: 0.9, p-stwo mutacji: 0.03, liczba elit: 20
Najlepszy osobnik po 3000 generacjach: 3810
Kolejność miast dla najlepszego osobnika: [210, 211, 213, 212, 214, 217, 215, 216, 221, 223, 233, 234, 232, 227, 226, 224, 225, 222, 218, 219, 220, 195, 194, 191, 192, 190, 188, 164, 163, 162, 161, 160, 174, 157, 158, 159, 173, 171, 169, 168, 170, 172, 105, 104, 107, 108, 88, 89, 90, 91, 96, 95, 94, 93, 97, 92, 79, 80, 78, 77, 76, 75, 72, 73, 74, 81, 82, 83, 84, 85, 63, 58, 117, 60, 59, 61, 62, 116, 115, 112, 86, 87, 111, 110, 113, 114, 109, 106, 103, 102, 101, 100, 98, 99, 167, 166, 165, 187, 186, 183, 184, 185, 189, 193, 196, 200, 201, 145, 144, 143, 197, 198, 199, 202, 203, 204, 207, 208, 252, 253, 261, 270, 271, 272, 273, 274, 275, 8, 10, 12, 13, 14, 11, 9, 7, 6, 4, 5, 276, 259, 257, 256, 255, 251, 254, 248, 250, 229, 228, 231, 235, 237, 236, 230, 245, 246, 244, 238, 239, 240, 243, 242, 241, 1, 2, 279, 0, 3, 278, 277, 247, 249, 258, 260, 262, 263, 264, 136, 137, 266, 135, 267, 134, 131, 132, 133, 269, 268, 15, 17, 16, 23, 18, 130, 128, 129, 20, 19, 22, 24, 21, 25, 27, 31, 28, 26, 127, 126, 123, 29, 125, 124, 30, 32, 33, 36, 37, 35, 34, 38, 39, 40, 45, 46, 47, 51, 52, 49, 50, 48, 53, 54, 55, 44, 43, 57, 67, 69, 70, 71, 65, 64, 66, 68, 56, 42, 41, 120, 121, 122, 156, 118, 119, 154, 153, 152, 155, 178, 149, 179, 182, 181, 180, 175, 176, 150, 151, 177, 148, 146, 147, 140, 139, 265, 138, 142, 141, 205, 206, 209]

Parametry algorytmu:
liczba osobników: 500, liczba generacji: 3000, p-stwo krzyżowania: 0.9, p-stwo mutacji: 0.05, liczba elit: 10
Najlepszy osobnik po 3000 generacjach: 3850
Kolejność miast dla najlepszego osobnika: [197, 143, 201, 202, 215, 214, 212, 211, 206, 207, 208, 209, 210, 213, 216, 219, 218, 217, 203, 204, 205, 140, 139, 137, 138, 148, 147, 146, 142, 141, 145, 144, 198, 180, 161, 160, 174, 159, 158, 173, 172, 106, 105, 163, 162, 183, 182, 181, 179, 178, 175, 176, 150, 156, 157, 118, 45, 41, 40, 46, 47, 51, 49, 50, 48, 52, 53, 54, 56, 55, 44, 43, 58, 66, 65, 64, 85, 112, 110, 111, 108, 109, 87, 81, 86, 84, 83, 82, 88, 79, 90, 91, 107, 104, 103, 89, 102, 101, 169, 170, 164, 184, 186, 185, 189, 188, 187, 165, 166, 167, 171, 168, 100, 99, 98, 97, 95, 93, 92, 96, 94, 77, 76, 75, 78, 80, 74, 73, 72, 71, 70, 69, 68, 67, 57, 116, 113, 114, 115, 117, 61, 63, 62, 60, 59, 42, 39, 36, 35, 37, 38, 34, 33, 32, 30, 31, 28, 29, 126, 125, 124, 123, 122, 120, 119, 151, 177, 149, 155, 152, 154, 121, 129, 20, 18, 19, 130, 131, 153, 128, 127, 26, 27, 25, 24, 21, 22, 17, 132, 133, 269, 134, 267, 263, 264, 265, 266, 136, 135, 268, 262, 15, 16, 270, 14, 12, 11, 23, 13, 10, 9, 8, 7, 6, 5, 273, 272, 271, 3, 275, 274, 259, 258, 260, 261, 253, 254, 251, 252, 257, 256, 255, 248, 247, 278, 277, 276, 4, 0, 2, 279, 1, 241, 242, 243, 246, 249, 240, 244, 239, 238, 237, 231, 232, 233, 224, 223, 234, 235, 236, 230, 245, 250, 229, 228, 227, 226, 225, 222, 221, 220, 191, 190, 192, 196, 193, 194, 195, 200, 199]

Parametry algorytmu:
liczba osobników: 500, liczba generacji: 4000, p-stwo krzyżowania: 0.9, p-stwo mutacji: 0.02, liczba elit: 15
Najlepszy osobnik po 4000 generacjach: 4408
Kolejność miast dla najlepszego osobnika: [50, 47, 51, 52, 53, 55, 44, 54, 45, 46, 121, 59, 42, 41, 33, 38, 34, 32, 30, 31, 26, 25, 27, 124, 29, 125, 126, 127, 128, 129, 130, 19, 20, 28, 21, 24, 22, 18, 131, 133, 134, 268, 269, 271, 14, 23, 17, 16, 132, 15, 13, 11, 12, 273, 274, 8, 5, 4, 6, 7, 9, 10, 270, 272, 260, 259, 277, 242, 239, 238, 244, 235, 236, 237, 231, 233, 232, 228, 226, 225, 224, 227, 213, 217, 221, 220, 219, 216, 215, 214, 218, 222, 223, 234, 230, 245, 279, 278, 243, 240, 241, 1, 0, 2, 3, 276, 275, 258, 256, 257, 255, 248, 247, 246, 249, 250, 229, 209, 208, 251, 254, 253, 207, 252, 210, 206, 205, 212, 211, 202, 200, 201, 203, 204, 142, 145, 141, 140, 146, 147, 149, 138, 137, 265, 266, 135, 136, 267, 261, 262, 263, 264, 139, 148, 177, 176, 157, 158, 118, 119, 120, 123, 122, 153, 155, 151, 152, 154, 150, 156, 161, 160, 159, 175, 180, 179, 178, 144, 198, 199, 143, 197, 195, 196, 193, 194, 191, 190, 189, 188, 165, 187, 186, 163, 183, 182, 181, 192, 185, 184, 164, 162, 174, 173, 105, 104, 106, 109, 108, 103, 107, 172, 114, 85, 62, 63, 65, 84, 83, 74, 73, 72, 71, 70, 66, 69, 68, 56, 67, 57, 64, 82, 75, 78, 94, 76, 77, 93, 95, 96, 98, 92, 97, 88, 79, 80, 89, 90, 168, 100, 170, 171, 169, 102, 101, 167, 166, 99, 91, 81, 87, 111, 86, 112, 110, 113, 115, 117, 60, 116, 61, 58, 43, 40, 39, 49, 37, 36, 35, 48]

Parametry algorytmu:
liczba osobników: 500, liczba generacji: 3500, p-stwo krzyżowania: 0.9, p-stwo mutacji: 0.02, liczba elit: 5
Najlepszy osobnik po 3500 generacjach: 4563
Kolejność miast dla najlepszego osobnika: [212, 218, 217, 215, 220, 221, 223, 222, 225, 224, 233, 234, 231, 237, 238, 239, 245, 240, 241, 243, 244, 242, 247, 246, 250, 227, 210, 216, 219, 214, 213, 226, 232, 235, 236, 230, 249, 258, 257, 255, 248, 256, 254, 252, 207, 206, 141, 145, 144, 198, 197, 193, 196, 192, 190, 187, 188, 189, 186, 185, 184, 172, 105, 111, 88, 80, 81, 75, 73, 72, 82, 71, 70, 65, 84, 85, 64, 63, 66, 68, 69, 67, 44, 45, 56, 43, 58, 59, 42, 55, 57, 86, 83, 87, 112, 115, 60, 61, 62, 117, 116, 114, 107, 104, 103, 101, 102, 108, 110, 113, 106, 109, 89, 78, 79, 76, 74, 96, 93, 94, 77, 95, 92, 90, 91, 97, 98, 100, 99, 168, 165, 166, 167, 164, 163, 162, 161, 169, 170, 171, 173, 180, 181, 182, 183, 160, 174, 159, 158, 157, 119, 118, 156, 152, 153, 154, 151, 155, 175, 150, 176, 179, 178, 140, 147, 146, 177, 149, 137, 266, 268, 267, 135, 130, 131, 133, 134, 136, 138, 148, 142, 199, 200, 195, 191, 194, 201, 143, 203, 202, 204, 205, 139, 265, 269, 132, 15, 7, 11, 12, 14, 16, 17, 18, 20, 127, 19, 129, 128, 122, 121, 120, 41, 40, 39, 33, 32, 34, 38, 49, 48, 51, 50, 54, 53, 52, 46, 47, 37, 35, 36, 31, 30, 125, 123, 124, 29, 28, 21, 126, 27, 26, 25, 24, 23, 22, 13, 272, 5, 6, 4, 0, 2, 279, 1, 277, 278, 3, 276, 8, 9, 10, 275, 274, 259, 260, 273, 271, 270, 262, 261, 263, 264, 253, 251, 208, 228, 229, 209, 211]

Parametry algorytmu:
liczba osobników: 1000, liczba generacji: 3000, p-stwo krzyżowania: 0.9, p-stwo mutacji: 0.03, liczba elit: 10
Najlepszy osobnik po 3000 generacjach: 3455
Kolejność miast dla najlepszego osobnika: [47, 52, 51, 50, 49, 48, 37, 36, 34, 35, 31, 27, 26, 21, 24, 22, 25, 28, 30, 29, 32, 33, 125, 124, 123, 153, 154, 128, 129, 19, 20, 127, 126, 122, 121, 120, 119, 118, 152, 155, 151, 149, 148, 146, 147, 139, 264, 263, 262, 261, 258, 260, 273, 274, 259, 276, 275, 5, 3, 278, 277, 247, 248, 257, 256, 255, 254, 253, 252, 251, 229, 228, 227, 231, 232, 230, 245, 244, 243, 246, 250, 249, 208, 209, 210, 213, 214, 217, 215, 212, 211, 206, 207, 205, 204, 203, 202, 201, 216, 219, 218, 220, 221, 222, 223, 224, 225, 226, 233, 234, 235, 236, 237, 238, 239, 241, 240, 242, 1, 0, 279, 2, 4, 6, 7, 9, 11, 10, 8, 272, 271, 14, 23, 13, 12, 270, 15, 16, 17, 18, 130, 131, 132, 133, 269, 134, 135, 268, 267, 136, 266, 265, 137, 138, 140, 141, 142, 145, 144, 198, 143, 199, 200, 193, 194, 195, 196, 197, 178, 177, 150, 176, 175, 179, 180, 181, 182, 160, 161, 162, 183, 184, 185, 192, 191, 190, 189, 188, 187, 186, 163, 164, 165, 171, 170, 172, 173, 174, 157, 156, 158, 159, 106, 105, 169, 168, 100, 166, 167, 99, 92, 96, 95, 94, 93, 97, 98, 91, 101, 102, 90, 79, 89, 103, 104, 107, 109, 110, 113, 112, 111, 108, 88, 80, 78, 76, 77, 74, 75, 73, 72, 82, 83, 81, 87, 86, 115, 114, 116, 60, 117, 42, 59, 40, 41, 39, 38, 46, 45, 44, 56, 55, 57, 67, 68, 69, 71, 70, 66, 64, 85, 84, 65, 63, 62, 61, 58, 43, 54, 53]

Parametry algorytmu:
liczba osobników: 2000, liczba generacji: 5000, p-stwo krzyżowania: 0.9, p-stwo mutacji: 0.03, liczba elit: 40
Najlepszy osobnik po 5000 generacjach: 2929
Kolejność miast dla najlepszego osobnika: [4, 5, 6, 7, 8, 9, 10, 11, 12, 13, 14, 270, 15, 23, 22, 24, 21, 25, 26, 19, 20, 127, 128, 129, 130, 18, 17, 16, 132, 131, 133, 269, 268, 134, 135, 267, 263, 262, 258, 257, 256, 253, 255, 254, 251, 208, 209, 210, 211, 206, 207, 252, 205, 204, 203, 143, 198, 144, 145, 142, 141, 146, 140, 139, 264, 265, 266, 136, 137, 138, 147, 148, 149, 177, 175, 176, 150, 156, 157, 158, 159, 174, 160, 173, 172, 106, 109, 110, 111, 87, 81, 82, 83, 84, 85, 86, 112, 113, 114, 115, 116, 117, 61, 64, 65, 63, 62, 60, 119, 118, 151, 155, 152, 154, 153, 120, 121, 122, 123, 124, 125, 126, 27, 28, 29, 30, 31, 32, 33, 35, 36, 37, 34, 38, 39, 40, 41, 42, 59, 58, 43, 44, 45, 46, 47, 48, 49, 50, 51, 52, 53, 54, 55, 56, 57, 67, 68, 66, 69, 70, 71, 72, 73, 74, 75, 76, 77, 94, 95, 96, 93, 92, 97, 98, 99, 100, 101, 102, 91, 90, 79, 78, 80, 88, 89, 108, 107, 103, 104, 105, 170, 171, 169, 168, 167, 166, 165, 164, 163, 162, 161, 180, 178, 179, 181, 182, 183, 184, 185, 186, 187, 188, 189, 190, 191, 192, 193, 194, 195, 196, 197, 200, 199, 201, 202, 215, 212, 213, 214, 217, 216, 219, 220, 221, 218, 222, 223, 224, 225, 226, 227, 228, 233, 234, 235, 232, 231, 236, 230, 237, 238, 239, 240, 241, 242, 243, 246, 244, 245, 229, 250, 249, 248, 247, 277, 259, 260, 261, 271, 272, 273, 274, 275, 276, 3, 278, 2, 279, 1, 0]

Parametry algorytmu:
liczba osobników: 1500, liczba generacji: 3500, p-stwo krzyżowania: 0.8, p-stwo mutacji: 0.03, liczba elit: 30
Najlepszy osobnik po 3500 generacjach: 3094
Kolejność miast dla najlepszego osobnika: [31, 30, 33, 34, 38, 39, 40, 45, 44, 41, 42, 59, 60, 61, 117, 116, 115, 85, 84, 83, 86, 87, 111, 110, 113, 112, 114, 119, 118, 156, 157, 150, 151, 155, 152, 154, 153, 120, 121, 122, 123, 124, 29, 28, 125, 128, 129, 126, 127, 20, 19, 130, 131, 18, 21, 25, 26, 27, 24, 22, 23, 17, 132, 133, 134, 268, 269, 16, 15, 270, 271, 14, 13, 12, 11, 10, 9, 7, 8, 6, 5, 4, 0, 1, 241, 242, 279, 2, 3, 276, 275, 274, 273, 272, 261, 260, 259, 258, 257, 277, 278, 247, 248, 255, 256, 253, 254, 251, 208, 207, 206, 209, 211, 210, 226, 227, 228, 229, 250, 249, 246, 243, 240, 239, 244, 245, 230, 238, 237, 231, 232, 236, 235, 234, 233, 225, 224, 223, 222, 221, 220, 219, 218, 217, 216, 215, 214, 213, 212, 204, 205, 252, 262, 263, 264, 136, 135, 267, 266, 265, 139, 138, 148, 137, 149, 177, 176, 179, 178, 175, 180, 181, 182, 184, 183, 186, 185, 192, 196, 197, 198, 144, 143, 145, 146, 147, 140, 141, 142, 203, 202, 201, 199, 200, 195, 194, 193, 191, 190, 189, 188, 187, 164, 163, 162, 161, 160, 174, 159, 158, 173, 172, 170, 171, 165, 166, 167, 169, 168, 101, 100, 99, 98, 97, 92, 93, 96, 95, 94, 77, 78, 79, 91, 90, 89, 102, 103, 104, 105, 106, 107, 109, 108, 88, 80, 81, 82, 75, 76, 74, 73, 72, 71, 70, 69, 68, 67, 66, 65, 64, 63, 62, 58, 43, 57, 56, 55, 54, 53, 46, 47, 48, 52, 51, 50, 49, 36, 37, 35, 32]

Parametry algorytmu:
liczba osobników: 100, liczba generacji: 2000, p-stwo krzyżowania: 0.9, p-stwo mutacji: 0.03, liczba elit: 2
Najlepszy osobnik po 2000 generacjach: 2846
Kolejność miast dla najlepszego osobnika: [279, 2, 278, 277, 3, 276, 275, 274, 273, 272, 271, 270, 15, 16, 17, 132, 131, 18, 19, 130, 20, 129, 128, 127, 126, 125, 28, 27, 26, 25, 21, 24, 22, 23, 13, 14, 12, 11, 10, 9, 8, 7, 6, 5, 4, 0, 1, 241, 242, 240, 239, 238, 237, 236, 235, 234, 233, 232, 231, 230, 245, 244, 243, 246, 247, 248, 249, 250, 229, 228, 227, 226, 225, 224, 223, 222, 221, 220, 219, 218, 217, 216, 215, 212, 214, 213, 210, 211, 206, 209, 208, 251, 254, 255, 256, 253, 252, 207, 205, 204, 203, 140, 139, 264, 265, 138, 147, 141, 142, 143, 202, 201, 200, 199, 144, 198, 197, 196, 195, 194, 193, 192, 191, 190, 189, 188, 187, 186, 185, 184, 164, 165, 166, 167, 168, 102, 101, 100, 99, 98, 97, 96, 95, 94, 93, 92, 91, 90, 79, 89, 108, 103, 104, 107, 109, 110, 113, 114, 116, 115, 112, 86, 85, 84, 83, 82, 81, 87, 111, 88, 80, 78, 75, 77, 76, 74, 73, 72, 71, 70, 69, 68, 67, 66, 65, 64, 63, 62, 61, 117, 60, 59, 58, 57, 56, 43, 44, 55, 54, 53, 52, 51, 50, 49, 48, 47, 46, 45, 42, 41, 40, 39, 38, 37, 36, 35, 34, 33, 32, 31, 30, 29, 124, 123, 122, 121, 153, 154, 152, 155, 151, 149, 177, 175, 176, 150, 120, 119, 118, 156, 157, 158, 159, 174, 160, 173, 172, 106, 105, 169, 171, 170, 163, 162, 161, 183, 182, 181, 180, 179, 178, 145, 146, 148, 137, 136, 266, 267, 135, 134, 133, 269, 268, 263, 262, 261, 260, 259, 258, 257]

Parametry algorytmu:
liczba osobników: 150, liczba generacji: 2000, p-stwo krzyżowania: 0.9, p-stwo mutacji: 0.2, liczba elit: 3
Algorytm zatrzymany po 1351 generacjach z powodu stagnacji.
Najlepszy osobnik po 2000 generacjach: 2834
Kolejność miast dla najlepszego osobnika: [208, 251, 254, 255, 256, 257, 258, 260, 261, 262, 263, 264, 265, 137, 138, 139, 140, 141, 203, 202, 201, 199, 198, 144, 143, 142, 145, 146, 147, 148, 149, 178, 179, 180, 175, 176, 177, 150, 151, 155, 152, 120, 119, 118, 156, 157, 158, 159, 174, 160, 181, 182, 183, 184, 186, 185, 192, 196, 197, 200, 195, 194, 193, 191, 190, 189, 188, 187, 164, 163, 162, 161, 173, 172, 105, 106, 104, 103, 102, 101, 168, 169, 170, 171, 165, 166, 167, 99, 100, 98, 91, 90, 89, 108, 107, 109, 111, 87, 83, 82, 81, 88, 80, 79, 92, 97, 96, 95, 93, 94, 77, 76, 74, 78, 75, 73, 72, 71, 70, 69, 68, 67, 66, 65, 63, 62, 61, 115, 85, 64, 84, 86, 112, 110, 113, 114, 116, 117, 60, 59, 42, 43, 58, 57, 56, 55, 44, 41, 40, 39, 38, 46, 45, 54, 53, 52, 47, 48, 51, 50, 49, 36, 37, 35, 34, 33, 32, 31, 30, 29, 124, 123, 122, 121, 154, 153, 128, 129, 130, 131, 132, 133, 134, 135, 136, 266, 267, 268, 269, 16, 17, 18, 19, 20, 127, 126, 125, 28, 27, 26, 25, 21, 24, 22, 23, 13, 15, 270, 271, 272, 273, 14, 12, 11, 10, 9, 7, 8, 6, 5, 4, 3, 276, 275, 274, 259, 277, 278, 2, 279, 0, 1, 241, 242, 240, 243, 244, 239, 238, 237, 236, 231, 230, 245, 246, 247, 248, 249, 250, 229, 228, 227, 232, 235, 234, 233, 226, 225, 224, 223, 222, 218, 221, 220, 219, 217, 214, 216, 215, 213, 212, 211, 210, 209, 206, 204, 205, 207, 252, 253]

Parametry algorytmu:
liczba osobników: 150, liczba generacji: 1000, p-stwo krzyżowania: 0.9, p-stwo mutacji: 0.15, liczba elit: 7
Najlepszy osobnik po 1000 generacjach: 2951
Kolejność miast dla najlepszego osobnika: [213, 214, 215, 216, 217, 218, 219, 220, 221, 222, 223, 224, 225, 226, 227, 233, 234, 235, 236, 232, 231, 230, 237, 238, 245, 244, 239, 240, 243, 242, 241, 1, 0, 279, 2, 3, 4, 5, 275, 274, 8, 6, 7, 9, 10, 11, 12, 13, 23, 22, 24, 21, 25, 26, 27, 28, 125, 124, 29, 30, 31, 32, 33, 34, 35, 37, 36, 49, 50, 51, 52, 47, 48, 38, 39, 40, 41, 42, 123, 122, 121, 120, 119, 118, 156, 157, 158, 175, 176, 177, 150, 151, 155, 152, 154, 153, 128, 126, 127, 129, 130, 20, 19, 18, 131, 132, 17, 16, 15, 270, 14, 273, 272, 271, 269, 133, 134, 268, 267, 135, 136, 266, 137, 138, 148, 149, 178, 179, 180, 181, 182, 183, 184, 186, 163, 162, 161, 160, 174, 159, 173, 172, 105, 106, 104, 102, 101, 90, 103, 107, 109, 110, 111, 108, 89, 79, 80, 88, 81, 87, 82, 83, 86, 84, 85, 115, 112, 113, 114, 116, 117, 60, 59, 43, 44, 45, 46, 53, 54, 55, 56, 57, 58, 61, 62, 63, 64, 65, 66, 67, 68, 69, 70, 71, 72, 73, 74, 75, 76, 77, 78, 94, 95, 96, 93, 97, 92, 91, 98, 99, 100, 168, 169, 171, 170, 167, 166, 165, 164, 187, 188, 185, 189, 190, 191, 192, 193, 194, 195, 196, 197, 200, 201, 202, 212, 211, 210, 209, 206, 205, 204, 203, 199, 198, 144, 143, 145, 146, 142, 141, 140, 147, 139, 265, 264, 263, 262, 261, 260, 258, 257, 256, 255, 254, 253, 252, 207, 208, 251, 248, 277, 259, 276, 278, 247, 246, 249, 250, 229, 228]

liczba osobników: 200, liczba generacji: 1000, p-stwo krzyżowania: 0.9, p-stwo mutacji: 0.1, liczba elit: 10
Najlepszy osobnik po 1000 generacjach: 2877
Kolejność miast dla najlepszego osobnika: [43, 58, 57, 63, 64, 65, 66, 67, 68, 69, 70, 71, 72, 73, 74, 76, 77, 94, 95, 96, 97, 93, 92, 91, 90, 89, 108, 88, 81, 80, 79, 78, 75, 82, 83, 84, 85, 115, 114, 113, 112, 86, 87, 111, 110, 109, 107, 104, 103, 102, 101, 98, 99, 100, 168, 169, 172, 105, 106, 173, 159, 174, 160, 161, 162, 163, 171, 170, 167, 166, 165, 164, 187, 188, 189, 190, 191, 193, 194, 195, 200, 201, 202, 199, 198, 197, 196, 192, 185, 186, 184, 183, 182, 181, 180, 175, 179, 178, 149, 148, 147, 146, 145, 144, 143, 142, 141, 140, 138, 139, 265, 137, 136, 266, 264, 263, 262, 261, 260, 259, 258, 257, 255, 256, 253, 254, 251, 252, 207, 208, 209, 206, 205, 204, 203, 212, 211, 210, 213, 214, 215, 216, 217, 218, 219, 220, 221, 222, 223, 224, 225, 233, 234, 235, 236, 237, 238, 239, 244, 245, 230, 231, 232, 226, 227, 228, 229, 250, 249, 248, 247, 246, 243, 240, 242, 241, 1, 0, 279, 2, 278, 277, 276, 3, 4, 5, 275, 274, 273, 272, 271, 269, 268, 267, 135, 134, 133, 132, 131, 130, 18, 17, 16, 15, 270, 14, 8, 6, 7, 9, 10, 11, 12, 13, 23, 22, 24, 21, 25, 26, 27, 28, 31, 32, 30, 29, 124, 123, 125, 126, 127, 20, 19, 129, 128, 153, 154, 152, 122, 121, 120, 119, 155, 151, 150, 177, 176, 158, 157, 156, 118, 116, 117, 61, 62, 60, 59, 42, 41, 40, 39, 38, 34, 33, 35, 36, 37, 47, 48, 49, 50, 51, 52, 53, 46, 54, 45, 44, 55, 56]

Parametry algorytmu:
liczba osobników: 150, liczba generacji: 800, p-stwo krzyżowania: 0.9, p-stwo mutacji: 0.1, liczba elit: 7
Najlepszy osobnik po 800 generacjach: 2884
Kolejność miast dla najlepszego osobnika: [204, 205, 206, 208, 251, 254, 207, 252, 253, 256, 255, 257, 263, 264, 265, 139, 138, 147, 140, 141, 146, 145, 142, 143, 144, 198, 199, 203, 202, 201, 200, 197, 195, 194, 193, 196, 192, 191, 190, 189, 188, 185, 186, 184, 183, 182, 181, 180, 160, 161, 162, 163, 164, 187, 165, 166, 167, 169, 171, 170, 172, 105, 104, 103, 102, 91, 101, 168, 100, 99, 98, 97, 92, 96, 95, 93, 94, 77, 76, 75, 74, 73, 72, 71, 70, 69, 66, 68, 67, 57, 56, 55, 54, 53, 52, 47, 46, 45, 44, 43, 58, 62, 63, 64, 65, 84, 83, 86, 85, 115, 61, 117, 116, 114, 112, 113, 110, 109, 111, 87, 82, 81, 80, 78, 79, 90, 89, 88, 108, 107, 106, 173, 174, 159, 158, 157, 156, 118, 119, 120, 60, 59, 42, 41, 40, 39, 38, 34, 37, 48, 51, 50, 49, 36, 35, 33, 32, 31, 30, 29, 28, 27, 26, 25, 21, 24, 22, 23, 13, 14, 12, 11, 10, 9, 8, 7, 6, 5, 4, 3, 276, 275, 274, 273, 272, 271, 270, 15, 16, 17, 132, 131, 130, 18, 19, 20, 127, 129, 128, 126, 125, 124, 123, 122, 121, 153, 154, 152, 155, 151, 150, 177, 176, 175, 179, 178, 149, 148, 137, 136, 266, 267, 135, 134, 133, 269, 268, 262, 261, 260, 259, 258, 277, 278, 2, 279, 0, 1, 241, 242, 243, 240, 239, 238, 237, 230, 245, 244, 246, 247, 248, 249, 250, 229, 228, 231, 236, 235, 234, 232, 233, 224, 225, 226, 227, 209, 210, 213, 214, 217, 218, 223, 222, 221, 220, 219, 216, 215, 212, 211]

Parametry algorytmu:
liczba osobników: 250, liczba generacji: 2000, p-stwo krzyżowania: 0.9, p-stwo mutacji: 0.3, liczba elit: 25
Algorytm zatrzymany po 1600 generacjach z powodu stagnacji.
Najlepszy osobnik po 2000 generacjach: 3139
Kolejność miast dla najlepszego osobnika: [18, 19, 20, 129, 130, 131, 132, 17, 16, 15, 14, 13, 12, 11, 10, 9, 7, 8, 6, 5, 4, 276, 275, 274, 273, 272, 271, 270, 260, 259, 258, 255, 254, 251, 208, 228, 229, 250, 249, 244, 243, 246, 248, 247, 277, 278, 3, 2, 279, 0, 1, 241, 242, 240, 239, 238, 245, 230, 231, 237, 236, 232, 235, 234, 233, 223, 222, 224, 225, 226, 227, 210, 213, 214, 215, 216, 217, 218, 221, 220, 219, 203, 204, 212, 211, 209, 206, 205, 207, 252, 253, 256, 257, 261, 262, 268, 269, 133, 134, 135, 267, 266, 136, 137, 138, 139, 265, 263, 264, 140, 147, 148, 149, 177, 150, 151, 155, 152, 154, 153, 128, 127, 126, 125, 120, 121, 122, 123, 124, 29, 33, 34, 38, 39, 40, 41, 42, 59, 43, 58, 62, 61, 60, 117, 116, 119, 118, 156, 157, 158, 159, 173, 172, 162, 161, 160, 174, 176, 175, 180, 179, 178, 146, 141, 142, 145, 144, 143, 199, 198, 197, 200, 202, 201, 195, 196, 194, 193, 191, 190, 189, 188, 187, 186, 185, 192, 181, 182, 183, 184, 163, 164, 165, 170, 171, 166, 167, 99, 98, 100, 168, 169, 105, 106, 107, 103, 104, 102, 101, 91, 92, 97, 96, 95, 94, 93, 79, 78, 77, 76, 74, 73, 75, 80, 88, 89, 90, 108, 109, 110, 113, 114, 115, 85, 86, 112, 111, 87, 81, 82, 83, 84, 64, 63, 65, 72, 71, 70, 69, 66, 68, 67, 57, 56, 44, 45, 55, 54, 53, 46, 52, 47, 48, 51, 50, 49, 36, 37, 35, 32, 31, 30, 28, 27, 26, 25, 22, 23, 24, 21]

Parametry algorytmu:
liczba osobników: 250, liczba generacji: 1500, p-stwo krzyżowania: 0.9, p-stwo mutacji: 0.3, liczba elit: 12
Najlepszy osobnik po 1500 generacjach: 2881
Kolejność miast dla najlepszego osobnika: [81, 82, 87, 86, 83, 84, 85, 115, 116, 114, 112, 113, 110, 111, 109, 106, 105, 172, 173, 174, 160, 161, 162, 163, 164, 187, 188, 185, 186, 184, 183, 182, 181, 180, 179, 178, 175, 159, 158, 157, 156, 118, 119, 120, 121, 122, 123, 124, 29, 125, 126, 128, 127, 20, 19, 18, 17, 16, 132, 131, 130, 129, 153, 154, 152, 155, 151, 150, 176, 177, 149, 148, 147, 146, 145, 144, 143, 198, 197, 196, 192, 189, 190, 191, 193, 194, 195, 200, 199, 201, 202, 220, 221, 222, 223, 224, 218, 219, 216, 217, 214, 215, 212, 213, 210, 211, 206, 209, 208, 207, 205, 204, 203, 142, 141, 140, 139, 138, 137, 265, 136, 135, 134, 133, 269, 268, 267, 266, 264, 263, 262, 261, 260, 259, 277, 247, 248, 249, 250, 254, 255, 258, 257, 256, 253, 252, 251, 229, 228, 227, 226, 225, 233, 234, 235, 232, 231, 230, 236, 237, 238, 239, 245, 244, 246, 243, 240, 242, 241, 1, 0, 279, 2, 278, 3, 276, 4, 5, 6, 7, 9, 10, 8, 275, 274, 273, 272, 271, 270, 15, 14, 11, 12, 13, 23, 22, 24, 21, 25, 26, 27, 28, 30, 31, 32, 33, 35, 37, 36, 49, 50, 51, 48, 52, 47, 46, 38, 34, 39, 40, 41, 42, 59, 60, 117, 61, 62, 64, 65, 66, 63, 58, 43, 44, 45, 53, 54, 55, 56, 57, 67, 68, 69, 70, 71, 72, 73, 75, 74, 76, 77, 78, 80, 79, 89, 90, 91, 92, 93, 94, 95, 96, 97, 98, 99, 100, 101, 168, 167, 166, 165, 171, 170, 169, 102, 103, 104, 107, 88, 108]

Parametry algorytmu:
liczba osobników: 250, liczba generacji: 1500, p-stwo krzyżowania: 0.9, p-stwo mutacji: 0.3, liczba elit: 7
Najlepszy osobnik po 1500 generacjach: 2912
Kolejność miast dla najlepszego osobnika: [4, 5, 6, 7, 8, 9, 10, 11, 12, 14, 272, 271, 270, 15, 13, 23, 22, 24, 21, 25, 26, 27, 28, 31, 30, 29, 124, 123, 122, 121, 120, 119, 118, 156, 157, 158, 176, 175, 179, 180, 181, 182, 183, 163, 162, 161, 160, 174, 159, 173, 172, 106, 105, 104, 103, 107, 108, 109, 110, 113, 114, 116, 117, 61, 60, 59, 42, 41, 40, 39, 38, 34, 33, 32, 35, 36, 37, 48, 49, 50, 51, 52, 47, 46, 53, 54, 45, 44, 43, 55, 56, 58, 62, 57, 67, 68, 69, 70, 66, 65, 63, 64, 84, 85, 115, 112, 111, 86, 83, 71, 72, 73, 74, 75, 76, 77, 78, 80, 81, 82, 87, 88, 79, 92, 93, 94, 95, 96, 97, 98, 91, 90, 89, 102, 101, 100, 99, 168, 169, 170, 171, 167, 166, 165, 164, 187, 186, 184, 185, 188, 189, 190, 191, 192, 193, 194, 196, 178, 149, 177, 150, 151, 155, 152, 154, 153, 125, 126, 127, 128, 129, 20, 19, 130, 18, 17, 16, 132, 131, 133, 269, 268, 134, 135, 136, 137, 266, 267, 264, 265, 139, 138, 148, 147, 140, 141, 142, 146, 145, 144, 143, 199, 198, 197, 195, 200, 201, 202, 203, 204, 205, 207, 252, 251, 208, 209, 206, 210, 213, 211, 212, 215, 216, 214, 217, 219, 220, 221, 218, 222, 223, 224, 225, 233, 234, 232, 235, 236, 237, 238, 239, 245, 230, 231, 226, 227, 228, 229, 250, 249, 248, 247, 246, 244, 243, 240, 242, 241, 1, 0, 279, 2, 3, 278, 277, 259, 258, 257, 256, 255, 254, 253, 263, 262, 261, 260, 273, 274, 275, 276]

Parametry algorytmu:
liczba osobników: 250, liczba generacji: 2000, p-stwo krzyżowania: 0.9, p-stwo mutacji: 0.3, liczba elit: 7
Algorytm zatrzymany po 1700 generacjach z powodu stagnacji.
Najlepszy osobnik po 2000 generacjach: 2920
Kolejność miast dla najlepszego osobnika: [17, 16, 15, 270, 271, 272, 273, 274, 259, 260, 261, 262, 263, 267, 266, 264, 265, 137, 136, 135, 134, 268, 269, 133, 132, 131, 130, 129, 128, 127, 126, 125, 122, 123, 124, 29, 28, 27, 31, 30, 32, 33, 34, 38, 37, 35, 36, 48, 49, 50, 51, 52, 47, 46, 53, 54, 55, 56, 57, 67, 68, 69, 66, 65, 70, 71, 72, 73, 75, 74, 76, 77, 94, 95, 93, 96, 97, 92, 91, 90, 102, 103, 104, 105, 172, 170, 171, 169, 168, 101, 100, 98, 99, 167, 166, 165, 164, 163, 187, 188, 189, 190, 185, 186, 184, 183, 162, 161, 182, 181, 180, 179, 178, 175, 176, 158, 159, 174, 160, 173, 106, 109, 107, 108, 88, 89, 79, 78, 80, 81, 82, 83, 84, 85, 64, 63, 62, 61, 58, 43, 44, 45, 39, 40, 41, 42, 59, 60, 117, 116, 114, 115, 112, 86, 87, 111, 110, 113, 157, 156, 118, 119, 120, 121, 153, 154, 152, 155, 151, 150, 177, 149, 148, 138, 139, 147, 146, 140, 141, 142, 145, 143, 144, 198, 199, 197, 196, 192, 191, 193, 194, 195, 200, 201, 202, 203, 204, 205, 252, 207, 206, 211, 212, 215, 216, 218, 219, 220, 221, 222, 223, 224, 225, 217, 214, 213, 210, 209, 208, 251, 254, 253, 256, 255, 257, 258, 247, 248, 249, 246, 243, 244, 245, 250, 229, 228, 227, 226, 233, 234, 235, 232, 231, 236, 230, 237, 238, 239, 240, 242, 241, 1, 0, 279, 2, 278, 277, 3, 276, 275, 4, 5, 6, 8, 7, 9, 10, 11, 14, 12, 13, 23, 22, 18, 19, 20, 26, 25, 21, 24]

Parametry algorytmu:
liczba osobników: 250, liczba generacji: 2500, p-stwo krzyżowania: 0.9, p-stwo mutacji: 0.3, liczba elit: 5
Algorytm zatrzymany po 1550 generacjach z powodu stagnacji.
Najlepszy osobnik po 2500 generacjach: 2979
Kolejność miast dla najlepszego osobnika: [210, 213, 212, 215, 214, 217, 216, 219, 218, 220, 221, 222, 223, 224, 225, 226, 227, 228, 229, 250, 249, 246, 245, 230, 231, 232, 233, 234, 235, 236, 237, 238, 239, 244, 243, 240, 241, 1, 0, 279, 2, 3, 4, 5, 276, 275, 274, 273, 272, 271, 8, 6, 7, 9, 10, 11, 12, 14, 270, 15, 13, 23, 22, 24, 21, 25, 26, 27, 28, 31, 32, 30, 29, 124, 125, 126, 127, 20, 123, 122, 121, 120, 119, 118, 156, 157, 158, 159, 174, 160, 161, 162, 173, 106, 105, 172, 171, 170, 169, 104, 103, 89, 88, 108, 107, 109, 110, 111, 112, 113, 114, 116, 117, 60, 59, 42, 44, 45, 46, 47, 48, 39, 40, 41, 33, 35, 34, 38, 37, 36, 49, 50, 51, 52, 53, 54, 55, 67, 68, 66, 69, 70, 71, 72, 65, 64, 63, 62, 57, 56, 43, 58, 61, 115, 85, 84, 83, 86, 87, 82, 81, 75, 73, 74, 76, 77, 78, 80, 79, 92, 93, 94, 95, 96, 97, 98, 91, 90, 102, 101, 168, 100, 99, 167, 166, 165, 164, 163, 187, 188, 189, 190, 191, 193, 194, 195, 201, 200, 197, 196, 192, 185, 186, 184, 183, 182, 181, 180, 175, 179, 178, 177, 176, 150, 151, 155, 152, 154, 153, 128, 129, 130, 19, 18, 131, 17, 16, 132, 133, 269, 134, 135, 136, 137, 149, 148, 147, 146, 140, 138, 139, 265, 264, 266, 267, 268, 263, 262, 261, 260, 259, 258, 257, 256, 253, 252, 255, 277, 278, 242, 247, 248, 254, 251, 208, 209, 207, 205, 204, 141, 142, 145, 144, 198, 199, 143, 202, 203, 211, 206]

Parametry algorytmu:
liczba osobników: 200, liczba generacji: 2000, p-stwo krzyżowania: 0.8, p-stwo mutacji: 0.25, liczba elit: 4
Algorytm zatrzymany po 1650 generacjach z powodu stagnacji.
Najlepszy osobnik po 2000 generacjach: 2845
Kolejność miast dla najlepszego osobnika: [79, 78, 75, 72, 73, 74, 76, 77, 94, 95, 96, 93, 92, 97, 98, 99, 100, 168, 101, 91, 90, 89, 88, 108, 111, 110, 109, 107, 103, 102, 104, 105, 106, 173, 172, 171, 170, 169, 167, 166, 165, 164, 163, 162, 161, 160, 181, 182, 183, 184, 185, 186, 187, 188, 189, 190, 191, 192, 193, 194, 196, 197, 195, 200, 201, 199, 198, 144, 145, 142, 143, 202, 203, 204, 205, 206, 209, 210, 211, 212, 213, 215, 214, 217, 216, 219, 220, 221, 218, 222, 223, 224, 225, 226, 227, 228, 229, 250, 249, 246, 243, 244, 245, 230, 231, 232, 233, 234, 235, 236, 237, 238, 239, 240, 242, 241, 1, 279, 0, 4, 5, 275, 274, 8, 6, 7, 9, 10, 11, 12, 14, 271, 272, 273, 260, 259, 276, 3, 2, 278, 277, 247, 248, 251, 208, 207, 252, 253, 254, 255, 256, 257, 258, 261, 262, 270, 15, 269, 268, 267, 263, 264, 265, 139, 140, 141, 146, 147, 148, 149, 138, 137, 136, 266, 135, 134, 133, 132, 131, 19, 18, 17, 16, 13, 23, 22, 24, 21, 25, 26, 27, 28, 125, 126, 128, 127, 20, 130, 129, 153, 154, 152, 155, 151, 150, 177, 176, 175, 178, 179, 180, 174, 159, 158, 157, 156, 118, 119, 120, 121, 122, 123, 124, 29, 30, 31, 32, 33, 35, 34, 40, 39, 38, 37, 36, 48, 49, 50, 51, 52, 47, 46, 45, 53, 54, 44, 55, 56, 57, 67, 68, 66, 69, 70, 71, 65, 64, 63, 62, 58, 43, 41, 42, 59, 60, 61, 117, 116, 115, 114, 113, 112, 86, 85, 84, 83, 82, 87, 81, 80]

Parametry algorytmu:
liczba osobników: 200, liczba generacji: 2000, p-stwo krzyżowania: 0.8, p-stwo mutacji: 0.25, liczba elit: 4
Algorytm zatrzymany po 1200 generacjach z powodu stagnacji.
Najlepszy osobnik po 2000 generacjach: 2912
Kolejność miast dla najlepszego osobnika: [63, 62, 61, 117, 116, 114, 113, 112, 86, 115, 85, 64, 84, 83, 82, 81, 72, 73, 74, 75, 76, 77, 78, 80, 79, 93, 94, 95, 96, 92, 97, 98, 91, 90, 89, 108, 88, 87, 111, 110, 109, 107, 106, 105, 104, 103, 102, 101, 168, 100, 99, 167, 166, 165, 171, 170, 169, 172, 173, 160, 161, 162, 163, 164, 186, 187, 188, 189, 185, 184, 183, 182, 181, 174, 159, 158, 157, 156, 176, 175, 180, 179, 178, 146, 147, 148, 149, 177, 150, 151, 155, 152, 154, 153, 128, 129, 130, 19, 18, 17, 131, 132, 133, 134, 135, 136, 266, 267, 268, 269, 16, 15, 270, 271, 272, 273, 274, 259, 258, 257, 260, 261, 262, 263, 264, 265, 137, 138, 139, 140, 141, 142, 145, 144, 143, 199, 198, 197, 192, 190, 191, 193, 194, 196, 195, 200, 201, 202, 203, 204, 212, 215, 216, 219, 220, 221, 218, 217, 214, 213, 210, 211, 206, 209, 208, 207, 205, 252, 251, 254, 253, 256, 255, 248, 247, 249, 250, 229, 228, 227, 226, 225, 224, 222, 223, 233, 234, 235, 232, 231, 230, 245, 236, 237, 238, 239, 244, 246, 243, 240, 242, 241, 1, 0, 279, 2, 278, 277, 3, 4, 5, 276, 275, 8, 6, 7, 9, 10, 11, 12, 14, 13, 23, 22, 24, 21, 25, 26, 27, 20, 127, 126, 125, 28, 30, 31, 32, 35, 34, 33, 29, 124, 123, 122, 121, 120, 119, 118, 60, 59, 42, 41, 40, 39, 38, 37, 36, 49, 50, 51, 52, 48, 47, 46, 53, 54, 45, 44, 55, 56, 43, 58, 57, 67, 68, 66, 69, 70, 71, 65]

Parametry algorytmu:
liczba osobników: 200, liczba generacji: 2500, p-stwo krzyżowania: 0.85, p-stwo mutacji: 0.25
Algorytm zatrzymany po 2200 generacjach z powodu stagnacji.
Najlepszy osobnik po 2500 generacjach: 2871
Kolejność miast dla najlepszego osobnika: [232, 233, 234, 235, 236, 231, 230, 237, 238, 245, 244, 239, 240, 242, 241, 1, 0, 279, 2, 278, 277, 259, 260, 261, 262, 263, 264, 265, 266, 136, 135, 267, 268, 134, 133, 269, 270, 271, 272, 273, 274, 275, 276, 3, 4, 5, 6, 7, 8, 9, 10, 11, 12, 13, 14, 15, 16, 132, 17, 23, 22, 24, 21, 25, 26, 27, 28, 125, 126, 127, 20, 19, 18, 131, 130, 129, 128, 153, 154, 152, 155, 151, 150, 176, 175, 174, 159, 158, 157, 156, 118, 119, 120, 121, 122, 123, 124, 29, 30, 31, 32, 33, 34, 35, 36, 49, 50, 51, 52, 53, 46, 47, 48, 37, 38, 39, 40, 41, 42, 59, 60, 61, 117, 116, 114, 115, 85, 84, 65, 64, 63, 62, 57, 58, 43, 44, 45, 54, 55, 56, 67, 68, 66, 69, 70, 71, 72, 73, 75, 74, 76, 77, 78, 79, 92, 93, 94, 95, 96, 97, 91, 90, 89, 88, 80, 81, 82, 83, 86, 112, 113, 110, 111, 87, 108, 109, 107, 103, 104, 102, 101, 100, 98, 99, 168, 169, 170, 171, 167, 166, 165, 164, 163, 162, 161, 172, 105, 106, 173, 160, 182, 181, 180, 179, 178, 177, 149, 148, 147, 138, 137, 139, 140, 141, 146, 145, 142, 143, 144, 198, 192, 185, 183, 184, 186, 187, 188, 189, 190, 191, 193, 196, 197, 199, 201, 200, 195, 194, 220, 219, 202, 203, 204, 205, 206, 209, 210, 211, 212, 215, 213, 214, 216, 217, 218, 221, 222, 223, 224, 225, 226, 227, 228, 208, 207, 252, 251, 254, 253, 256, 257, 258, 255, 248, 247, 243, 246, 249, 250, 229]

Parametry algorytmu:
liczba osobników: 200, liczba generacji: 3000, p-stwo krzyżowania: 0.85, p-stwo mutacji: 0.3
Algorytm zatrzymany po 1701 generacjach z powodu stagnacji.
Najlepszy osobnik po 3000 generacjach: 2786
Kolejność miast dla najlepszego osobnika: [64, 84, 83, 82, 81, 80, 88, 89, 90, 91, 102, 169, 166, 167, 168, 101, 100, 99, 98, 97, 96, 95, 94, 93, 92, 79, 78, 77, 76, 74, 75, 73, 72, 71, 70, 65, 66, 69, 68, 67, 57, 56, 55, 54, 53, 52, 51, 50, 49, 48, 47, 46, 45, 44, 43, 58, 63, 62, 61, 116, 117, 60, 59, 42, 41, 40, 39, 38, 37, 36, 35, 34, 33, 32, 31, 30, 29, 124, 123, 125, 126, 28, 27, 26, 25, 21, 24, 22, 23, 13, 12, 11, 10, 9, 7, 8, 6, 5, 4, 3, 2, 279, 0, 1, 241, 242, 243, 240, 239, 244, 245, 238, 237, 230, 236, 235, 234, 233, 232, 231, 229, 228, 227, 226, 225, 224, 223, 222, 221, 220, 219, 218, 217, 214, 216, 215, 213, 210, 212, 211, 206, 205, 204, 203, 202, 201, 195, 194, 193, 196, 192, 191, 190, 189, 188, 185, 186, 184, 183, 182, 181, 179, 180, 175, 176, 150, 151, 155, 177, 178, 149, 148, 147, 146, 145, 144, 198, 197, 200, 199, 143, 142, 141, 140, 139, 138, 137, 136, 135, 134, 133, 269, 268, 267, 266, 265, 264, 263, 262, 261, 260, 259, 258, 257, 256, 253, 252, 207, 209, 208, 251, 254, 255, 248, 249, 250, 246, 247, 277, 278, 276, 275, 274, 273, 272, 271, 270, 14, 15, 16, 132, 131, 130, 17, 18, 19, 129, 20, 127, 128, 153, 154, 152, 122, 121, 120, 119, 118, 156, 157, 158, 159, 174, 160, 161, 162, 163, 164, 187, 165, 170, 171, 173, 172, 105, 106, 104, 103, 107, 108, 109, 111, 87, 86, 112, 110, 113, 114, 115, 85]

Parametry algorytmu:
liczba osobników: 200, liczba generacji: 3000, p-stwo krzyżowania: 0.85, p-stwo mutacji: 0.3
Najlepszy osobnik po 3000 generacjach: 2814
Kolejność miast dla najlepszego osobnika: [15, 16, 17, 18, 132, 131, 19, 20, 130, 129, 127, 126, 128, 153, 154, 125, 29, 124, 123, 122, 121, 120, 119, 118, 156, 157, 152, 155, 151, 150, 176, 175, 180, 181, 179, 178, 177, 149, 148, 138, 137, 136, 135, 134, 133, 269, 268, 267, 266, 265, 139, 264, 263, 262, 261, 260, 259, 258, 257, 256, 253, 254, 255, 248, 247, 277, 278, 2, 279, 0, 1, 241, 242, 240, 239, 238, 237, 236, 235, 234, 233, 232, 231, 230, 245, 244, 243, 246, 249, 250, 229, 228, 227, 226, 225, 224, 223, 222, 221, 220, 219, 218, 217, 216, 215, 214, 213, 212, 211, 210, 209, 208, 251, 252, 207, 206, 205, 204, 203, 202, 142, 141, 140, 147, 146, 145, 144, 143, 199, 201, 200, 195, 194, 193, 196, 197, 198, 192, 191, 190, 189, 188, 187, 186, 185, 184, 183, 182, 160, 174, 159, 158, 173, 172, 161, 162, 163, 164, 165, 166, 167, 99, 100, 98, 97, 92, 96, 95, 94, 93, 79, 89, 90, 91, 102, 101, 168, 169, 171, 170, 105, 106, 104, 103, 107, 108, 109, 110, 111, 112, 113, 114, 116, 117, 61, 60, 59, 42, 41, 40, 39, 44, 43, 58, 62, 63, 64, 115, 85, 84, 83, 86, 87, 82, 81, 88, 80, 78, 77, 76, 75, 74, 73, 72, 71, 70, 65, 66, 69, 68, 67, 57, 56, 55, 54, 45, 46, 53, 52, 47, 48, 51, 50, 49, 36, 35, 37, 38, 34, 33, 32, 31, 30, 28, 27, 26, 25, 21, 24, 22, 23, 13, 12, 11, 10, 9, 7, 6, 5, 4, 3, 276, 275, 274, 273, 8, 14, 272, 271, 270]

Parametry algorytmu:
liczba osobników: 200, liczba generacji: 10000, p-stwo krzyżowania: 0.85, p-stwo mutacji: 0.3
Algorytm zatrzymany po 3300 generacjach z powodu stagnacji.
Najlepszy osobnik po 10000 generacjach: 2817
Kolejność miast dla najlepszego osobnika: [205, 207, 208, 206, 211, 212, 215, 214, 213, 210, 209, 229, 250, 249, 246, 243, 240, 239, 244, 245, 238, 237, 230, 236, 235, 234, 233, 232, 231, 228, 227, 226, 225, 224, 223, 222, 221, 220, 219, 218, 217, 216, 201, 200, 197, 196, 195, 194, 193, 192, 191, 190, 189, 188, 187, 186, 185, 184, 183, 182, 181, 180, 175, 179, 178, 149, 177, 176, 150, 151, 155, 152, 154, 153, 128, 129, 20, 127, 126, 125, 124, 123, 122, 121, 120, 119, 118, 156, 157, 158, 159, 174, 160, 161, 162, 163, 164, 165, 166, 167, 99, 100, 101, 168, 169, 170, 171, 172, 173, 106, 105, 104, 103, 102, 90, 89, 108, 107, 109, 110, 111, 87, 81, 88, 80, 78, 79, 93, 92, 91, 98, 97, 96, 95, 94, 77, 76, 74, 73, 72, 75, 82, 83, 86, 112, 113, 114, 116, 115, 85, 84, 71, 70, 69, 68, 67, 66, 65, 64, 63, 62, 61, 117, 60, 59, 42, 58, 57, 43, 56, 55, 54, 53, 46, 45, 44, 41, 40, 39, 47, 52, 51, 50, 49, 48, 38, 37, 36, 35, 34, 33, 32, 31, 30, 29, 28, 27, 26, 25, 21, 24, 22, 23, 18, 19, 130, 131, 132, 17, 16, 133, 134, 135, 267, 268, 269, 15, 270, 271, 272, 14, 13, 12, 11, 10, 9, 7, 6, 8, 273, 274, 275, 276, 3, 5, 4, 0, 1, 241, 242, 279, 2, 278, 277, 247, 248, 255, 254, 251, 252, 253, 256, 257, 258, 259, 260, 261, 262, 263, 264, 265, 266, 136, 137, 139, 138, 148, 147, 146, 140, 141, 145, 142, 143, 144, 198, 199, 202, 203, 204]

Parametry algorytmu:
liczba osobników: 200, liczba generacji: 4000, p-stwo krzyżowania: 0.85, p-stwo mutacji: 0.25
Najlepszy osobnik po 4000 generacjach: 2819
Kolejność miast dla najlepszego osobnika: [230, 231, 232, 233, 234, 235, 236, 237, 238, 239, 244, 243, 240, 242, 241, 1, 0, 279, 2, 278, 277, 276, 3, 4, 5, 6, 7, 9, 10, 8, 275, 274, 273, 272, 271, 270, 15, 14, 11, 12, 13, 23, 22, 24, 21, 25, 26, 27, 28, 125, 126, 127, 20, 19, 18, 131, 130, 129, 128, 153, 154, 152, 155, 151, 150, 177, 149, 178, 179, 182, 181, 180, 175, 176, 119, 118, 156, 157, 158, 159, 174, 160, 161, 173, 172, 106, 105, 104, 103, 107, 109, 108, 88, 89, 90, 91, 97, 96, 93, 95, 94, 77, 76, 74, 73, 72, 71, 70, 65, 66, 69, 68, 67, 57, 58, 43, 56, 55, 44, 45, 54, 53, 46, 47, 52, 51, 50, 49, 48, 37, 36, 35, 32, 31, 30, 29, 124, 123, 122, 121, 120, 33, 34, 38, 39, 40, 41, 42, 59, 60, 117, 61, 62, 63, 64, 85, 115, 116, 114, 113, 110, 111, 112, 86, 84, 83, 82, 87, 81, 75, 78, 80, 79, 92, 98, 99, 100, 101, 102, 168, 169, 170, 171, 167, 166, 165, 164, 163, 162, 183, 184, 185, 186, 187, 188, 189, 190, 191, 192, 196, 193, 194, 195, 200, 197, 198, 144, 145, 142, 143, 199, 201, 202, 203, 204, 205, 140, 141, 146, 147, 148, 138, 139, 264, 265, 137, 136, 266, 267, 135, 134, 133, 132, 17, 16, 269, 268, 263, 262, 261, 260, 259, 258, 257, 256, 255, 253, 254, 251, 252, 207, 208, 209, 206, 211, 210, 213, 212, 215, 214, 216, 217, 218, 219, 220, 221, 222, 223, 224, 225, 226, 227, 228, 229, 250, 249, 248, 247, 246, 245]

Parametry algorytmu:
liczba osobników: 200, liczba generacji: 3500, p-stwo krzyżowania: 0.85, p-stwo mutacji: 0.2
Algorytm zatrzymany po 2300 generacjach z powodu stagnacji.
Najlepszy osobnik po 3500 generacjach: 2865
Kolejność miast dla najlepszego osobnika: [179, 178, 149, 177, 150, 151, 155, 152, 154, 153, 128, 127, 20, 129, 130, 19, 18, 131, 132, 17, 16, 15, 270, 271, 272, 260, 259, 258, 261, 262, 263, 264, 140, 139, 265, 266, 267, 268, 269, 133, 134, 135, 136, 137, 138, 148, 147, 141, 146, 145, 142, 143, 144, 198, 197, 192, 182, 183, 184, 185, 186, 163, 162, 161, 160, 173, 172, 106, 105, 104, 107, 103, 102, 91, 90, 89, 108, 109, 110, 111, 87, 82, 86, 112, 113, 114, 115, 85, 64, 63, 62, 58, 61, 116, 117, 60, 59, 42, 41, 40, 39, 38, 34, 35, 37, 36, 49, 50, 51, 48, 47, 52, 53, 46, 45, 54, 55, 44, 43, 56, 57, 67, 68, 66, 69, 70, 65, 84, 83, 71, 72, 73, 74, 76, 77, 75, 78, 80, 81, 88, 79, 92, 93, 94, 95, 96, 97, 98, 99, 100, 101, 168, 169, 170, 171, 167, 166, 165, 164, 187, 188, 189, 190, 191, 193, 194, 196, 195, 200, 199, 201, 202, 203, 204, 211, 213, 212, 215, 216, 214, 217, 219, 220, 221, 218, 222, 223, 224, 225, 226, 227, 230, 231, 232, 233, 234, 235, 236, 237, 238, 245, 244, 239, 240, 241, 1, 242, 243, 246, 249, 250, 229, 228, 210, 209, 206, 205, 207, 208, 251, 254, 252, 253, 256, 257, 255, 248, 247, 277, 278, 276, 3, 2, 279, 0, 4, 5, 275, 274, 273, 8, 6, 7, 9, 10, 11, 12, 14, 13, 23, 22, 24, 21, 25, 26, 27, 28, 126, 125, 124, 29, 30, 31, 32, 33, 123, 122, 121, 120, 119, 118, 156, 157, 158, 159, 174, 181, 180, 175, 176]


Parametry algorytmu:
liczba osobników: 200, liczba generacji: 4000, p-stwo krzyżowania: 0.75, p-stwo mutacji: 0.3
Algorytm zatrzymany po 1714 generacjach z powodu stagnacji.
Najlepszy osobnik po 4000 generacjach: 2785
Kolejność miast dla najlepszego osobnika: [243, 246, 249, 250, 229, 228, 209, 208, 251, 207, 252, 253, 254, 255, 256, 257, 258, 259, 260, 261, 262, 263, 264, 265, 266, 136, 135, 267, 268, 134, 133, 269, 15, 14, 270, 271, 272, 273, 274, 275, 276, 4, 5, 6, 8, 7, 9, 10, 11, 12, 13, 23, 22, 24, 21, 25, 26, 27, 28, 30, 31, 32, 33, 34, 35, 37, 36, 49, 50, 48, 51, 52, 47, 38, 39, 40, 41, 42, 59, 60, 117, 116, 114, 115, 112, 113, 110, 109, 107, 108, 89, 88, 111, 87, 81, 80, 79, 78, 75, 82, 83, 86, 85, 61, 62, 58, 43, 44, 45, 46, 53, 54, 55, 56, 57, 63, 64, 84, 65, 66, 67, 68, 69, 70, 71, 72, 73, 74, 76, 77, 94, 95, 96, 93, 92, 90, 91, 97, 98, 99, 167, 166, 165, 164, 163, 162, 161, 171, 170, 169, 168, 100, 101, 102, 103, 104, 106, 105, 172, 173, 160, 174, 159, 158, 157, 156, 118, 119, 120, 121, 122, 123, 124, 29, 125, 126, 127, 20, 19, 18, 17, 16, 132, 131, 130, 129, 128, 153, 154, 152, 155, 151, 150, 177, 149, 137, 138, 139, 140, 141, 142, 143, 144, 145, 146, 147, 148, 178, 176, 175, 180, 179, 181, 182, 183, 184, 185, 186, 187, 188, 189, 190, 191, 192, 193, 194, 195, 200, 196, 197, 198, 199, 201, 202, 203, 204, 205, 206, 211, 212, 215, 210, 213, 214, 217, 216, 219, 218, 220, 221, 222, 223, 224, 225, 226, 227, 233, 234, 235, 232, 231, 236, 237, 230, 245, 244, 238, 239, 240, 242, 241, 1, 0, 279, 2, 3, 278, 277, 247, 248]

Parametry algorytmu:
liczba osobników: 300, liczba generacji: 4000, p-stwo krzyżowania: 0.7, p-stwo mutacji: 0.5
Algorytm zatrzymany po 2010 generacjach z powodu stagnacji.
Najlepszy osobnik po 4000 generacjach: 2750
Kolejność miast dla najlepszego osobnika: [93, 94, 95, 96, 97, 92, 79, 80, 81, 82, 87, 111, 110, 109, 107, 108, 88, 89, 90, 91, 103, 104, 106, 172, 105, 102, 101, 100, 98, 99, 168, 169, 170, 171, 167, 166, 165, 187, 188, 189, 190, 191, 192, 196, 193, 194, 195, 200, 197, 198, 144, 145, 146, 147, 140, 141, 142, 143, 199, 201, 202, 203, 204, 205, 206, 207, 208, 209, 210, 211, 212, 213, 214, 215, 216, 217, 219, 220, 221, 218, 222, 223, 224, 225, 226, 227, 228, 229, 250, 249, 246, 243, 244, 245, 230, 231, 232, 233, 234, 235, 236, 237, 238, 239, 240, 242, 241, 1, 0, 279, 2, 3, 4, 5, 6, 8, 7, 9, 10, 11, 12, 13, 14, 15, 270, 271, 272, 273, 274, 275, 276, 278, 277, 247, 248, 255, 254, 251, 252, 253, 256, 257, 258, 259, 260, 261, 262, 263, 264, 139, 265, 266, 267, 136, 137, 138, 148, 178, 149, 135, 134, 268, 269, 133, 16, 23, 22, 24, 21, 25, 26, 27, 28, 125, 126, 127, 20, 19, 18, 17, 132, 131, 130, 129, 128, 153, 154, 152, 155, 151, 150, 177, 176, 175, 179, 180, 181, 182, 183, 184, 185, 186, 164, 163, 162, 161, 173, 160, 174, 159, 158, 157, 156, 118, 119, 120, 121, 122, 123, 124, 29, 30, 31, 32, 33, 34, 35, 36, 37, 38, 47, 48, 49, 50, 51, 52, 53, 46, 45, 54, 55, 56, 57, 58, 43, 44, 39, 40, 41, 42, 59, 60, 61, 117, 116, 115, 114, 113, 112, 86, 83, 84, 85, 64, 62, 63, 65, 66, 67, 68, 69, 70, 71, 72, 73, 74, 76, 77, 75, 78]

Parametry algorytmu:
liczba osobników: 500, liczba generacji: 4000, p-stwo krzyżowania: 0.8, p-stwo mutacji: 0.6
Najlepszy osobnik po 4000 generacjach: 2671
Kolejność miast dla najlepszego osobnika: [261, 262, 263, 264, 265, 137, 136, 266, 267, 135, 134, 268, 269, 133, 132, 17, 16, 15, 270, 271, 272, 273, 274, 275, 276, 3, 4, 5, 6, 7, 8, 9, 10, 11, 12, 14, 13, 23, 22, 24, 21, 25, 26, 27, 28, 30, 31, 32, 33, 34, 39, 38, 37, 35, 36, 49, 50, 51, 48, 52, 47, 46, 53, 54, 55, 56, 57, 58, 43, 44, 45, 40, 41, 42, 59, 60, 117, 61, 62, 63, 67, 68, 66, 69, 70, 71, 72, 73, 74, 75, 76, 77, 94, 95, 96, 97, 92, 93, 79, 78, 80, 81, 82, 83, 84, 65, 64, 85, 115, 116, 114, 113, 112, 86, 87, 111, 110, 109, 108, 88, 89, 90, 91, 98, 101, 102, 103, 107, 104, 105, 106, 173, 172, 171, 170, 169, 168, 100, 99, 167, 166, 165, 164, 163, 162, 161, 160, 174, 159, 158, 157, 156, 118, 119, 120, 121, 122, 123, 124, 29, 125, 126, 127, 20, 19, 18, 131, 130, 129, 128, 153, 154, 152, 155, 151, 150, 177, 176, 175, 178, 179, 180, 181, 182, 183, 184, 185, 186, 187, 188, 189, 190, 191, 192, 193, 194, 195, 196, 197, 198, 144, 145, 146, 147, 148, 149, 138, 139, 140, 141, 142, 143, 199, 200, 201, 202, 203, 204, 205, 206, 211, 212, 215, 216, 217, 218, 219, 220, 221, 222, 223, 224, 233, 234, 235, 232, 231, 236, 237, 230, 245, 238, 244, 246, 243, 239, 240, 242, 241, 1, 0, 279, 2, 278, 277, 247, 248, 249, 250, 229, 228, 227, 226, 225, 214, 213, 210, 209, 208, 207, 252, 251, 254, 253, 255, 256, 257, 258, 259, 260]

Parametry algorytmu:
liczba osobników: 300, liczba generacji: 4000, p-stwo krzyżowania: 0.75, p-stwo mutacji: 0.6
Algorytm zatrzymany po 1612 generacjach z powodu stagnacji.
Najlepszy osobnik po 4000 generacjach: 2793
Kolejność miast dla najlepszego osobnika: [40, 41, 42, 59, 60, 122, 121, 120, 119, 118, 156, 157, 158, 159, 174, 160, 161, 162, 163, 164, 187, 188, 189, 185, 186, 184, 183, 182, 181, 180, 175, 176, 179, 178, 149, 177, 150, 151, 155, 152, 154, 153, 126, 127, 128, 129, 20, 130, 19, 18, 131, 132, 133, 134, 135, 136, 137, 138, 148, 147, 146, 145, 144, 198, 197, 196, 192, 190, 191, 193, 194, 195, 200, 201, 199, 143, 142, 141, 140, 139, 265, 264, 202, 203, 204, 205, 207, 252, 253, 256, 254, 251, 208, 209, 206, 211, 210, 213, 212, 215, 216, 214, 217, 218, 219, 220, 221, 222, 223, 224, 225, 226, 227, 228, 229, 250, 249, 246, 244, 245, 230, 231, 232, 233, 234, 235, 236, 237, 238, 239, 240, 243, 242, 241, 1, 0, 279, 2, 3, 4, 5, 6, 8, 7, 9, 10, 11, 12, 13, 14, 271, 272, 273, 274, 275, 276, 278, 277, 247, 248, 255, 257, 258, 259, 260, 261, 262, 263, 266, 267, 268, 269, 270, 15, 16, 17, 23, 22, 24, 21, 25, 26, 27, 28, 125, 123, 124, 29, 30, 31, 32, 33, 34, 35, 36, 37, 38, 39, 46, 47, 48, 49, 50, 51, 52, 53, 54, 55, 56, 57, 67, 68, 66, 69, 70, 71, 72, 73, 75, 74, 76, 77, 78, 79, 80, 88, 89, 90, 91, 92, 93, 94, 95, 96, 97, 98, 99, 100, 101, 102, 168, 167, 166, 165, 171, 170, 169, 105, 172, 173, 106, 104, 103, 107, 108, 109, 110, 111, 87, 81, 82, 83, 84, 65, 63, 64, 85, 86, 112, 113, 114, 115, 116, 117, 61, 62, 58, 43, 44, 45]

Parametry algorytmu:
liczba osobników: 500, liczba generacji: 4000, p-stwo krzyżowania: 0.85, p-stwo mutacji: 0.6
Algorytm zatrzymany po 2500 generacjach z powodu stagnacji.
Najlepszy osobnik po 4000 generacjach: 2788
Kolejność miast dla najlepszego osobnika: [60, 61, 62, 63, 58, 43, 44, 45, 46, 53, 54, 55, 56, 57, 67, 68, 69, 70, 66, 65, 64, 84, 85, 115, 86, 83, 71, 72, 73, 74, 75, 76, 77, 78, 79, 80, 81, 82, 87, 111, 108, 88, 89, 90, 91, 92, 93, 94, 95, 96, 97, 98, 99, 167, 166, 165, 164, 163, 162, 161, 160, 182, 183, 184, 185, 186, 187, 188, 189, 190, 191, 192, 193, 194, 195, 196, 197, 200, 201, 202, 199, 198, 144, 143, 142, 145, 146, 141, 140, 139, 264, 263, 262, 261, 260, 259, 258, 257, 256, 253, 252, 207, 205, 204, 203, 212, 213, 214, 215, 216, 217, 218, 219, 220, 221, 222, 223, 224, 225, 226, 227, 233, 234, 235, 232, 231, 236, 237, 230, 245, 238, 239, 244, 246, 249, 250, 229, 228, 210, 211, 206, 209, 208, 251, 254, 255, 248, 247, 243, 240, 242, 241, 1, 0, 279, 2, 278, 277, 276, 3, 4, 5, 6, 7, 9, 8, 275, 274, 273, 272, 271, 270, 15, 14, 10, 11, 12, 13, 23, 22, 24, 21, 25, 26, 27, 28, 125, 126, 127, 128, 20, 129, 130, 19, 18, 131, 132, 17, 16, 269, 133, 134, 268, 267, 135, 136, 266, 265, 137, 138, 147, 148, 149, 178, 179, 181, 180, 175, 176, 177, 150, 151, 155, 152, 154, 153, 122, 123, 124, 29, 30, 31, 32, 33, 34, 38, 37, 35, 36, 48, 49, 50, 51, 52, 47, 39, 40, 41, 42, 59, 121, 120, 119, 118, 156, 157, 158, 159, 174, 173, 172, 170, 171, 169, 168, 100, 101, 102, 103, 104, 105, 106, 107, 109, 110, 112, 113, 114, 116, 117]

Parametry algorytmu:
liczba osobników: 350, liczba generacji: 2500, p-stwo krzyżowania: 0.8, p-stwo mutacji: 0.2
Algorytm zatrzymany po 2053 generacjach z powodu stagnacji.
Najlepszy osobnik po 2500 generacjach: 2922
Kolejność miast dla najlepszego osobnika: [267, 135, 136, 266, 137, 138, 147, 140, 141, 146, 145, 142, 143, 144, 198, 197, 196, 192, 190, 191, 193, 194, 195, 200, 199, 201, 202, 203, 204, 205, 139, 265, 264, 263, 262, 261, 271, 272, 273, 8, 274, 275, 276, 3, 278, 247, 277, 259, 260, 258, 257, 256, 253, 252, 251, 254, 255, 248, 249, 250, 229, 208, 207, 206, 211, 209, 210, 213, 212, 215, 216, 214, 217, 218, 219, 220, 221, 222, 223, 224, 225, 226, 227, 228, 232, 233, 234, 235, 231, 236, 237, 230, 245, 238, 239, 240, 243, 244, 246, 242, 241, 1, 0, 279, 2, 4, 5, 6, 7, 9, 10, 11, 12, 13, 14, 270, 15, 16, 132, 18, 17, 23, 22, 24, 21, 25, 26, 27, 127, 126, 125, 28, 31, 30, 29, 124, 123, 122, 121, 120, 119, 118, 156, 157, 158, 175, 159, 174, 160, 161, 162, 163, 173, 172, 106, 105, 104, 103, 102, 101, 91, 90, 89, 108, 107, 109, 110, 111, 112, 113, 114, 115, 85, 84, 64, 65, 63, 62, 58, 61, 116, 117, 60, 59, 42, 41, 40, 45, 46, 47, 39, 38, 34, 33, 32, 35, 37, 36, 49, 50, 48, 51, 52, 53, 54, 55, 44, 43, 56, 57, 67, 68, 66, 69, 70, 71, 72, 73, 75, 74, 76, 77, 78, 81, 82, 83, 86, 87, 88, 80, 79, 92, 93, 94, 95, 96, 97, 98, 99, 100, 168, 169, 170, 171, 167, 166, 165, 164, 186, 187, 188, 189, 185, 184, 183, 182, 181, 180, 179, 178, 148, 149, 177, 176, 150, 151, 155, 152, 154, 153, 128, 129, 20, 19, 130, 131, 133, 134, 269, 268]

Parametry algorytmu:
liczba osobników: 250, liczba generacji: 4000, p-stwo krzyżowania: 0.8, p-stwo mutacji: 0.5
Algorytm zatrzymany po 1330 generacjach z powodu stagnacji.
Najlepszy osobnik po 4000 generacjach: 2916
Kolejność miast dla najlepszego osobnika: [108, 88, 80, 79, 89, 90, 102, 101, 91, 92, 93, 94, 95, 96, 97, 98, 99, 100, 168, 167, 166, 165, 164, 163, 162, 161, 183, 184, 185, 186, 187, 188, 189, 190, 191, 192, 193, 194, 195, 196, 197, 198, 199, 200, 201, 202, 203, 204, 205, 207, 206, 209, 211, 212, 215, 210, 213, 214, 217, 216, 219, 220, 221, 218, 222, 223, 224, 225, 226, 227, 228, 229, 231, 232, 233, 234, 235, 236, 230, 237, 238, 245, 244, 250, 249, 246, 247, 248, 255, 254, 251, 208, 252, 253, 256, 257, 258, 261, 262, 263, 264, 265, 139, 138, 137, 136, 266, 267, 268, 269, 135, 134, 133, 132, 131, 130, 129, 128, 127, 20, 19, 18, 17, 16, 15, 270, 271, 272, 273, 260, 259, 277, 278, 243, 239, 240, 242, 241, 1, 0, 279, 2, 3, 276, 4, 5, 275, 274, 8, 6, 7, 9, 10, 11, 14, 12, 13, 23, 22, 24, 21, 25, 26, 27, 28, 125, 126, 153, 154, 121, 122, 123, 124, 29, 30, 31, 32, 33, 35, 34, 38, 37, 36, 49, 50, 51, 48, 47, 52, 53, 46, 39, 40, 41, 44, 45, 54, 55, 43, 58, 42, 59, 60, 117, 61, 62, 57, 56, 67, 68, 69, 66, 63, 85, 84, 64, 65, 70, 71, 72, 73, 74, 76, 77, 78, 75, 81, 82, 83, 86, 112, 115, 116, 114, 113, 158, 157, 156, 118, 119, 120, 152, 155, 151, 150, 176, 175, 177, 149, 148, 147, 140, 141, 142, 143, 144, 145, 146, 178, 179, 180, 181, 182, 160, 174, 159, 173, 172, 170, 171, 169, 105, 106, 104, 103, 107, 109, 110, 111, 87]

Parametry algorytmu:
liczba osobników: 300, liczba generacji: 4000, p-stwo krzyżowania: 0.7, p-stwo mutacji: 0.5
Algorytm zatrzymany po 2790 generacjach z powodu stagnacji.
Najlepszy osobnik po 4000 generacjach: 2791
Kolejność miast dla najlepszego osobnika: [220, 219, 218, 217, 216, 215, 214, 212, 213, 210, 209, 208, 251, 252, 207, 206, 211, 205, 204, 203, 202, 201, 200, 195, 194, 193, 196, 197, 192, 191, 190, 189, 188, 187, 186, 185, 184, 183, 182, 160, 161, 162, 163, 164, 165, 166, 167, 170, 171, 169, 168, 100, 99, 98, 97, 96, 95, 94, 93, 92, 91, 101, 102, 90, 89, 88, 111, 87, 82, 81, 80, 79, 78, 77, 76, 74, 75, 73, 72, 71, 70, 69, 68, 67, 66, 65, 84, 83, 86, 112, 115, 85, 64, 63, 62, 61, 58, 57, 56, 55, 54, 53, 52, 46, 47, 48, 51, 50, 49, 36, 35, 33, 34, 37, 38, 39, 40, 41, 45, 44, 43, 42, 59, 60, 117, 116, 114, 113, 110, 109, 108, 107, 103, 104, 105, 106, 172, 173, 174, 159, 158, 157, 156, 118, 119, 150, 176, 175, 180, 181, 179, 178, 149, 177, 151, 155, 152, 154, 153, 120, 121, 122, 123, 124, 29, 30, 32, 31, 28, 27, 26, 25, 21, 24, 22, 23, 13, 12, 11, 10, 9, 7, 6, 8, 275, 276, 3, 5, 4, 0, 1, 279, 2, 278, 277, 258, 259, 260, 274, 273, 272, 271, 270, 14, 15, 16, 17, 18, 19, 20, 127, 126, 125, 128, 129, 130, 131, 132, 133, 269, 268, 134, 135, 136, 137, 138, 148, 147, 146, 145, 144, 198, 199, 143, 142, 141, 140, 139, 264, 265, 266, 267, 263, 262, 261, 257, 256, 253, 254, 255, 248, 247, 249, 250, 229, 228, 227, 226, 232, 231, 230, 245, 244, 246, 243, 242, 241, 240, 239, 238, 237, 236, 235, 234, 233, 225, 224, 223, 222, 221]

Parametry algorytmu:
liczba osobników: 400, liczba generacji: 3200, p-stwo krzyżowania: 0.75, p-stwo mutacji: 0.5
Algorytm zatrzymany po 2110 generacjach z powodu stagnacji.
Najlepszy osobnik po 3200 generacjach: 2830
Kolejność miast dla najlepszego osobnika: [194, 193, 192, 191, 190, 189, 188, 187, 186, 185, 184, 183, 182, 181, 179, 178, 177, 152, 155, 151, 150, 176, 175, 180, 160, 161, 162, 163, 164, 165, 166, 167, 99, 100, 98, 97, 96, 95, 94, 93, 92, 90, 89, 108, 88, 81, 80, 79, 78, 77, 76, 74, 75, 73, 72, 71, 70, 69, 68, 67, 57, 56, 55, 54, 53, 52, 47, 48, 51, 50, 49, 36, 35, 32, 33, 34, 37, 38, 39, 40, 46, 45, 44, 43, 58, 41, 42, 59, 60, 117, 116, 61, 62, 63, 66, 65, 64, 84, 85, 115, 114, 113, 112, 86, 83, 82, 87, 111, 110, 109, 107, 106, 105, 104, 103, 102, 91, 101, 168, 169, 171, 170, 172, 173, 174, 159, 158, 157, 156, 118, 119, 120, 121, 122, 123, 124, 29, 30, 31, 28, 27, 26, 25, 21, 24, 22, 23, 18, 19, 20, 127, 126, 125, 154, 153, 128, 129, 130, 131, 132, 17, 16, 15, 270, 271, 272, 14, 13, 12, 11, 10, 9, 7, 6, 8, 273, 274, 275, 276, 5, 4, 0, 1, 279, 2, 3, 278, 277, 247, 246, 243, 242, 241, 240, 239, 244, 238, 237, 236, 235, 234, 233, 226, 225, 224, 223, 222, 218, 221, 220, 219, 216, 217, 214, 213, 215, 212, 211, 210, 209, 206, 204, 205, 207, 252, 251, 208, 229, 228, 227, 232, 231, 230, 245, 250, 249, 248, 255, 254, 253, 256, 257, 258, 259, 260, 261, 262, 263, 264, 265, 266, 267, 268, 269, 133, 134, 135, 136, 137, 149, 148, 138, 139, 140, 147, 146, 141, 142, 145, 144, 143, 203, 202, 201, 199, 198, 197, 200, 195, 196]

Parametry algorytmu:
liczba osobników: 400, liczba generacji: 3000, p-stwo krzyżowania: 0.75, p-stwo mutacji: 0.5
Algorytm zatrzymany po 2865 generacjach z powodu stagnacji.
Najlepszy osobnik po 3000 generacjach: 2766
Kolejność miast dla najlepszego osobnika: [17, 132, 131, 18, 19, 130, 129, 128, 153, 154, 152, 155, 151, 150, 177, 176, 175, 178, 179, 180, 181, 182, 183, 184, 162, 163, 164, 165, 166, 167, 99, 100, 98, 91, 90, 102, 101, 168, 169, 170, 171, 172, 105, 104, 103, 107, 108, 89, 88, 81, 80, 78, 79, 93, 92, 97, 96, 95, 94, 77, 76, 75, 74, 73, 72, 71, 70, 69, 68, 67, 66, 65, 64, 63, 62, 61, 58, 57, 56, 43, 44, 55, 54, 45, 46, 53, 52, 47, 48, 51, 50, 49, 36, 35, 32, 33, 34, 37, 38, 39, 40, 41, 42, 59, 60, 117, 116, 114, 115, 85, 84, 83, 82, 87, 86, 112, 113, 110, 111, 109, 106, 173, 161, 160, 174, 159, 158, 157, 156, 118, 119, 120, 121, 122, 123, 124, 29, 30, 31, 28, 125, 126, 127, 20, 27, 26, 25, 21, 24, 22, 23, 13, 14, 12, 11, 10, 9, 7, 8, 6, 5, 4, 3, 278, 2, 279, 0, 1, 241, 242, 240, 239, 238, 237, 236, 235, 234, 233, 232, 231, 230, 245, 244, 243, 246, 249, 250, 229, 228, 227, 226, 225, 224, 223, 222, 221, 220, 219, 218, 217, 214, 213, 210, 211, 212, 215, 216, 201, 200, 195, 194, 193, 191, 190, 189, 188, 187, 186, 185, 192, 196, 197, 198, 144, 145, 146, 147, 148, 149, 138, 137, 265, 266, 136, 135, 134, 133, 269, 268, 267, 263, 264, 139, 140, 141, 142, 143, 199, 202, 203, 204, 205, 206, 209, 208, 207, 252, 253, 262, 261, 260, 259, 258, 257, 256, 255, 254, 251, 248, 247, 277, 276, 275, 274, 273, 272, 271, 270, 15, 16]

Parametry algorytmu:
liczba osobników: 400, liczba generacji: 3000, p-stwo krzyżowania: 0.75, p-stwo mutacji: 0.5
Algorytm zatrzymany po 2040 generacjach z powodu stagnacji.
Najlepszy osobnik po 3000 generacjach: 2657
Kolejność miast dla najlepszego osobnika: [52, 51, 50, 49, 48, 37, 36, 35, 34, 33, 32, 31, 30, 28, 27, 26, 25, 21, 24, 22, 23, 13, 12, 11, 10, 9, 8, 7, 6, 5, 4, 3, 276, 275, 274, 273, 272, 271, 14, 270, 15, 16, 17, 18, 19, 130, 131, 132, 133, 269, 268, 134, 135, 267, 266, 136, 137, 265, 264, 263, 262, 261, 260, 259, 258, 277, 278, 2, 279, 0, 1, 241, 242, 243, 240, 239, 238, 237, 236, 235, 234, 233, 232, 231, 230, 245, 244, 246, 247, 248, 249, 250, 229, 228, 227, 226, 225, 224, 223, 222, 221, 220, 219, 218, 217, 216, 215, 214, 213, 212, 210, 209, 208, 251, 254, 255, 257, 256, 253, 252, 207, 206, 211, 205, 204, 203, 202, 201, 200, 199, 143, 142, 141, 140, 139, 138, 148, 147, 146, 145, 144, 198, 197, 196, 195, 194, 193, 192, 191, 190, 189, 188, 187, 186, 185, 184, 183, 182, 181, 180, 179, 178, 149, 177, 175, 176, 150, 151, 155, 152, 154, 153, 128, 129, 20, 127, 126, 125, 29, 124, 123, 122, 121, 120, 119, 118, 156, 157, 158, 159, 174, 160, 161, 162, 163, 164, 165, 166, 167, 99, 98, 100, 101, 168, 169, 170, 171, 172, 173, 106, 105, 104, 102, 103, 107, 108, 109, 111, 110, 113, 112, 86, 83, 82, 87, 81, 88, 89, 90, 91, 97, 96, 95, 94, 93, 92, 79, 80, 78, 75, 77, 76, 74, 73, 72, 71, 70, 69, 66, 68, 67, 57, 56, 55, 54, 53, 46, 45, 44, 43, 58, 61, 62, 63, 65, 64, 84, 85, 115, 114, 116, 117, 60, 59, 42, 41, 40, 39, 38, 47]

Parametry algorytmu:
liczba osobników: 400, liczba generacji: 3000, p-stwo krzyżowania: 0.75, p-stwo mutacji: 0.5
Algorytm zatrzymany po 1260 generacjach z powodu stagnacji.
Najlepszy osobnik po 3000 generacjach: 2830
Kolejność miast dla najlepszego osobnika: [31, 30, 28, 27, 26, 25, 21, 24, 22, 23, 13, 12, 14, 11, 10, 9, 7, 6, 8, 274, 275, 5, 4, 0, 1, 279, 2, 3, 276, 278, 277, 247, 248, 255, 254, 253, 252, 251, 208, 209, 210, 213, 227, 228, 229, 250, 249, 246, 244, 243, 242, 241, 240, 239, 238, 245, 230, 237, 236, 231, 232, 235, 234, 233, 226, 225, 224, 223, 222, 221, 220, 219, 216, 218, 217, 214, 215, 212, 211, 206, 207, 205, 204, 203, 202, 201, 200, 199, 143, 142, 141, 140, 139, 265, 266, 267, 264, 263, 262, 261, 256, 257, 258, 259, 260, 273, 272, 271, 270, 15, 16, 17, 18, 19, 20, 129, 130, 131, 132, 133, 269, 268, 134, 135, 136, 137, 138, 147, 146, 148, 149, 177, 151, 150, 176, 175, 180, 179, 178, 145, 144, 198, 197, 196, 195, 194, 193, 192, 191, 190, 189, 188, 185, 186, 187, 164, 165, 166, 167, 170, 171, 169, 168, 102, 101, 100, 99, 98, 97, 96, 95, 94, 93, 92, 91, 90, 89, 88, 108, 111, 110, 109, 107, 103, 104, 105, 106, 172, 173, 160, 161, 162, 163, 184, 183, 182, 181, 174, 159, 158, 157, 156, 118, 155, 152, 154, 153, 128, 127, 126, 125, 29, 124, 123, 122, 121, 120, 119, 59, 60, 61, 117, 116, 115, 114, 113, 112, 86, 85, 62, 63, 64, 84, 83, 82, 87, 81, 80, 79, 78, 77, 76, 74, 75, 73, 72, 71, 65, 66, 70, 69, 68, 67, 57, 58, 43, 56, 55, 44, 42, 41, 40, 45, 54, 53, 46, 47, 52, 51, 50, 49, 48, 36, 35, 37, 38, 39, 34, 33, 32]

